%time,field.data
1574701855799739348,600
1574701855880592022,586
1574701855961316496,575
1574701856042167988,581
1574701856123074196,586
1574701856203876811,604
1574701856284709640,613
1574701856365481646,620
1574701856446401094,620
1574701856517206144,584
1574701856597990693,568
1574701856678845153,549
1574701856759622601,543
1574701856840398702,530
1574701856921212141,521
1574701857001953958,520
1574701857082641484,530
1574701857163459015,553
1574701857244317570,558
1574701857325009144,575
1574701857405763424,564
1574701857486529672,565
1574701857567279745,543
1574701857648085141,541
1574701857728945861,546
1574701857799653968,553
1574701857880545472,561
1574701857961361034,555
1574701858042240779,540
1574701858122983492,542
1574701858203677430,555
1574701858284361884,558
1574701858365157144,565
1574701858445885887,561
1574701858526582516,563
1574701858607184409,547
1574701858687954072,555
1574701858768719304,541
1574701858849514590,546
1574701858920106839,542
1574701859010959507,552
1574701859081590959,553
1574701859162554759,555
1574701859243427009,555
1574701859324212571,552
1574701859404937042,553
1574701859485829129,556
1574701859566622457,564
1574701859647365404,565
1574701859728174242,575
1574701859809174665,583
1574701859889944002,590
1574701859960492849,589
1574701860041216682,605
1574701860132105833,608
1574701860202821208,614
1574701860283564627,624
1574701860364373287,628
1574701860445081556,634
1574701860525870451,626
1574701860606715658,625
1574701860687570470,624
1574701860768399062,614
1574701860849170090,612
1574701860930012811,597
1574701861010701703,596
1574701861092092104,587
1574701861162801821,576
1574701861243630571,577
1574701861324379497,573
1574701861405228674,572
1574701861485841470,570
1574701861566949895,575
1574701861647759612,573
1574701861718375837,573
1574701861799113761,568
1574701861879997437,566
1574701861960893036,569
1574701862041696302,569
1574701862122521350,562
1574701862203229401,575
1574701862284203706,591
1574701862365071446,574
1574701862445984558,586
1574701862526866413,578
1574701862607666133,561
1574701862688526805,558
1574701862769191850,569
1574701862850052022,578
1574701862920753818,584
1574701863001424407,585
1574701863082156355,577
1574701863163054850,555
1574701863243923595,555
1574701863324785617,551
1574701863405596149,549
1574701863486501817,557
1574701863567196150,551
1574701863648194076,558
1574701863729043476,541
1574701863799782974,539
1574701863880673961,538
1574701863961656570,528
1574701864042542215,527
1574701864123297610,535
1574701864204131399,528
1574701864285000756,526
1574701864365725311,534
1574701864446615846,525
1574701864527599240,535
1574701864608379070,527
1574701864679093648,532
1574701864759878387,530
1574701864840676916,533
1574701864921553137,533
1574701865002432478,533
1574701865083244893,537
1574701865164122583,548
1574701865244945115,537
1574701865325737069,544
1574701865406609948,540
1574701865477298367,540
1574701865558039491,540
1574701865638841792,543
1574701865719639739,555
1574701865800451373,553
1574701865881215470,559
1574701865961921248,561
1574701866042848137,554
1574701866123636661,554
1574701866204437987,555
1574701866285283451,557
1574701866366116072,545
1574701866446930294,555
1574701866527748761,552
1574701866608528853,543
1574701866689317576,547
1574701866760016878,538
1574701866840615446,538
1574701866921327238,541
1574701867002131397,534
1574701867082959624,544
1574701867163759157,533
1574701867244557979,531
1574701867325426443,529
1574701867406261292,530
1574701867487128525,523
1574701867557875925,527
1574701867638775425,529
1574701867719503514,528
1574701867800164395,532
1574701867880945469,529
1574701867961705942,525
1574701868042503106,531
1574701868123321698,525
1574701868204137085,531
1574701868284934562,517
1574701868365753608,526
1574701868446704285,520
1574701868517355012,513
1574701868598232972,516
1574701868678905808,515
1574701868759628868,513
1574701868840338845,510
1574701868921144947,510
1574701869001987959,527
1574701869082904847,515
1574701869163687760,516
1574701869244481718,521
1574701869325332960,520
1574701869406050581,522
1574701869476692618,537
1574701869557514697,534
1574701869638452927,541
1574701869719309845,545
1574701869800264414,539
1574701869880974742,544
1574701869961794775,549
1574701870042564291,551
1574701870123335557,545
1574701870204119405,546
1574701870284903389,536
1574701870365955950,536
1574701870436750194,536
1574701870517524930,538
1574701870598302787,538
1574701870679298560,537
1574701870760052211,536
1574701870840847390,538
1574701870921553457,530
1574701871002520724,536
1574701871083361933,528
1574701871164130332,533
1574701871244895926,526
1574701871325566862,531
1574701871396196321,533
1574701871476852385,522
1574701871557575249,525
1574701871638539079,530
1574701871719253350,522
1574701871799995880,521
1574701871880646974,511
1574701871961433434,501
1574701872042076968,496
1574701872122971496,494
1574701872203772802,495
1574701872284663201,494
1574701872365365174,496
1574701872436148123,495
1574701872516996244,497
1574701872607780451,491
1574701872678547002,495
1574701872759402648,492
1574701872840131285,490
1574701872921040069,494
1574701873001863422,498
1574701873082739838,497
1574701873163448325,509
1574701873244305409,506
1574701873325127797,507
1574701873395908823,507
1574701873476707908,516
1574701873557507240,520
1574701873638160038,528
1574701873718885499,519
1574701873799678201,531
1574701873880671945,535
1574701873961347663,533
1574701874042113324,534
1574701874122958700,533
1574701874203693898,522
1574701874284527620,518
1574701874355349984,512
1574701874436098430,516
1574701874516766829,518
1574701874597596660,521
1574701874678830183,527
1574701874759573093,519
1574701874840454306,516
1574701874921125434,511
1574701875001989981,507
1574701875082719007,506
1574701875163510867,505
1574701875244373728,497
1574701875315083436,502
1574701875395714474,493
1574701875476594609,500
1574701875557297383,492
1574701875638199379,509
1574701875719040165,506
1574701875799882687,509
1574701875880685398,513
1574701875961381871,518
1574701876042178837,522
1574701876122924496,533
1574701876203640982,517
1574701876284519719,529
1574701876365295610,537
1574701876446053492,547
1574701876526964752,546
1574701876597697519,551
1574701876678744576,547
1574701876759525284,546
1574701876840390299,538
1574701876921176868,540
1574701877002075809,527
1574701877082850578,543
1574701877163578597,539
1574701877244419077,530
1574701877325166666,532
1574701877405860236,531
1574701877486460951,527
1574701877557192952,526
1574701877637900730,532
1574701877718713314,527
1574701877799403344,518
1574701877880250292,510
1574701877961052079,514
1574701878041664840,514
1574701878122577344,517
1574701878193343011,515
1574701878285894565,527
1574701878366809149,523
1574701878437442067,520
1574701878518637719,525
1574701878599384158,530
1574701878680124883,525
1574701878760860594,522
1574701878841578114,529
1574701878922286356,523
1574701879003105323,519
1574701879083947913,531
1574701879164845543,530
1574701879245654226,526
1574701879326292558,528
1574701879397033095,532
1574701879477812760,531
1574701879558631402,531
1574701879639559074,543
1574701879720291420,545
1574701879801168579,546
1574701879881915104,551
1574701879962770068,559
1574701880043485367,562
1574701880124366171,561
1574701880205169581,569
1574701880285956410,584
1574701880356691464,569
1574701880437544420,569
1574701880518317792,566
1574701880599285658,579
1574701880680001806,573
1574701880760844614,575
1574701880841558580,572
1574701880922488030,555
1574701881003168156,547
1574701881083925011,540
1574701881154655594,519
1574701881235287222,527
1574701881316038006,506
1574701881396968086,493
1574701881477745142,489
1574701881558591520,485
1574701881639306769,459
1574701881720123951,460
1574701881800894429,454
1574701881881648604,460
1574701881952356930,432
1574701882033227967,438
1574701882113982704,421
1574701882194821566,434
1574701882275728271,423
1574701882356577072,426
1574701882437320150,414
1574701882517992106,405
1574701882598914899,413
1574701882679792373,411
1574701882750555414,407
1574701882831317598,417
1574701882912245263,421
1574701882993109758,418
1574701883073914844,419
1574701883154777207,422
1574701883235474340,413
1574701883316443984,412
1574701883397116554,424
1574701883478108762,425
1574701883558844726,405
1574701883639505837,408
1574701883720295912,407
1574701883791090368,405
1574701883871788993,403
1574701883952693390,386
1574701884033453756,392
1574701884114329039,388
1574701884195138210,382
1574701884275887996,374
1574701884356602125,362
1574701884437303920,363
1574701884508045755,347
1574701884588871893,332
1574701884669656204,361
1574701884750415867,366
1574701884831374133,389
1574701884912118734,393
1574701884992870994,393
1574701885073668327,381
1574701885154467361,384
1574701885235148639,379
1574701885315928472,356
1574701885396856088,329
1574701885467502244,293
1574701885548277870,291
1574701885629197563,266
1574701885709859182,288
1574701885790582412,263
1574701885871338050,261
1574701885952151567,248
1574701886033010089,257
1574701886113861206,259
1574701886184544414,262
1574701886265368906,252
1574701886346164784,249
1574701886427001431,242
1574701886507608774,253
1574701886588370421,260
1574701886669221540,261
1574701886750124103,266
1574701886830953038,274
1574701886911816375,280
1574701886992718877,278
1574701887073444272,285
1574701887154275353,277
1574701887235076219,290
1574701887305793135,305
1574701887387093899,315
1574701887467834359,324
1574701887548694792,326
1574701887629397311,332
1574701887710145041,340
1574701887790985382,333
1574701887871565589,335
1574701887952313733,335
1574701888033179058,333
1574701888113928350,336
1574701888194866405,318
1574701888275639365,317
1574701888346426761,319
1574701888427231589,307
1574701888507939451,300
1574701888588812957,318
1574701888669496426,304
1574701888750382660,308
1574701888831170001,304
1574701888912114201,318
1574701888992909294,317
1574701889073509783,312
1574701889154472120,306
1574701889235166404,312
1574701889316029064,306
1574701889396676056,303
1574701889467379604,299
1574701889548074066,287
1574701889628850194,295
1574701889709575637,287
1574701889790487510,283
1574701889871270231,290
1574701889952032756,284
1574701890032783216,279
1574701890113587128,283
1574701890194196150,280
1574701890264925916,282
1574701890345549087,282
1574701890426310326,286
1574701890507117226,287
1574701890587947638,276
1574701890668709464,279
1574701890749464548,273
1574701890830140331,257
1574701890910965519,236
1574701890991708724,229
1574701891072444338,224
1574701891143170114,228
1574701891223843294,221
1574701891304574458,201
1574701891385433218,202
1574701891466150860,203
1574701891546960810,200
1574701891627641028,209
1574701891708358419,194
1574701891789057099,189
1574701891869708381,187
1574701891950616958,194
1574701892021348436,188
1574701892102235756,196
1574701892183112763,179
1574701892263848658,170
1574701892344656679,174
1574701892425318807,186
1574701892506197606,179
1574701892587017366,180
1574701892667821094,194
1574701892748580260,213
1574701892829317053,223
1574701892910138386,228
1574701892990880042,226
1574701893071730193,214
1574701893142386364,199
1574701893223158347,190
1574701893303989859,192
1574701893384740864,197
1574701893465493297,204
1574701893546219253,216
1574701893627071387,226
1574701893707796287,219
1574701893788507536,224
1574701893869297650,236
1574701893950000601,245
1574701894030697466,225
1574701894111466000,236
1574701894192250241,245
1574701894262840171,234
1574701894343487254,218
1574701894424272410,219
1574701894505025368,217
1574701894585721644,225
1574701894666367678,219
1574701894747169046,203
1574701894827934593,201
1574701894908861119,203
1574701894989672081,197
1574701895070480382,196
1574701895151242925,201
1574701895222011120,228
1574701895312821808,229
1574701895383683399,256
1574701895464408181,281
1574701895545200389,315
1574701895636181683,345
1574701895706790842,372
1574701895797374720,390
1574701895878179103,393
1574701895959154603,402
1574701896029771158,396
1574701896110495937,390
1574701896191339371,397
1574701896272240933,407
1574701896352992639,432
1574701896433533067,451
1574701896514222568,474
1574701896595000239,480
1574701896675718299,489
1574701896756628964,485
1574701896837273795,477
1574701896918063182,473
1574701896998801732,465
1574701897079348550,465
1574701897149940952,467
1574701897240736326,485
1574701897311298832,479
1574701897392056429,493
1574701897482894531,496
1574701897553614874,492
1574701897634440987,490
1574701897715257708,501
1574701897795936499,512
1574701897876548247,508
1574701897957228300,513
1574701898037966437,523
1574701898118742784,523
1574701898199488359,529
1574701898280092091,535
1574701898360899229,527
1574701898441642478,538
1574701898522497617,532
1574701898603260867,529
1574701898674039043,537
1574701898754698320,538
1574701898835486342,540
1574701898916111103,541
1574701898997108849,547
1574701899077731551,541
1574701899158311527,545
1574701899239083387,544
1574701899319883226,551
1574701899400678813,549
1574701899481414006,553
1574701899562141115,546
1574701899643080029,557
1574701899713835526,545
1574701899794562988,561
1574701899875232900,549
1574701899956052939,560
1574701900036793810,555
1574701900117604665,558
1574701900198310839,556
1574701900279055883,558
1574701900359666338,555
1574701900440355274,554
1574701900520912513,559
1574701900601713249,560
1574701900672399047,549
1574701900753007812,559
1574701900833624034,553
1574701900914491330,561
1574701900995084922,553
1574701901075872735,556
1574701901156585067,561
1574701901237284751,563
1574701901317974331,568
1574701901398829571,568
1574701901479534074,568
1574701901560209905,575
1574701901641072541,564
1574701901711585270,571
1574701901802428324,573
1574701901873128569,569
1574701901953838824,571
1574701902034702645,571
1574701902115421065,562
1574701902196250409,568
1574701902277064489,570
1574701902357773642,565
1574701902438477690,566
1574701902519317852,570
1574701902600159533,569
1574701902681059017,565
1574701902761760784,570
1574701902842420534,568
1574701902912996606,567
1574701902993754109,567
1574701903074493695,573
1574701903155187405,571
1574701903235945502,570
1574701903316724281,576
1574701903397416586,571
1574701903478285940,570
1574701903558988733,566
1574701903639766091,568
1574701903720446140,564
1574701903801282649,574
1574701903871889840,562
1574701903952737779,569
1574701904033537952,566
1574701904114261399,563
1574701904195008263,565
1574701904275805609,576
1574701904356541947,571
1574701904437499202,570
1574701904518262756,570
1574701904599296654,570
1574701904680040810,571
1574701904760771667,578
1574701904841345384,576
1574701904922486720,577
1574701904993071983,582
1574701905073725235,579
1574701905154336982,572
1574701905234923578,569
1574701905315528465,569
1574701905396156407,574
1574701905476847827,576
1574701905557658526,575
1574701905638384157,574
1574701905719368142,577
1574701905800137705,574
1574701905881065443,567
1574701905951746317,573
1574701906032620570,576
1574701906113324849,575
1574701906194158130,571
1574701906275064665,575
1574701906355675890,577
1574701906436434446,572
1574701906517290203,578
1574701906598193866,577
1574701906678970145,577
1574701906759772988,574
1574701906840486578,576
1574701906921293066,572
1574701907002114242,586
1574701907072950237,573
1574701907153653398,575
1574701907234521603,575
1574701907315250531,571
1574701907396193566,575
1574701907477010712,577
1574701907557828550,576
1574701907638551880,569
1574701907719437278,563
1574701907800135412,566
1574701907870926782,561
1574701907951721694,563
1574701908032619629,565
1574701908113416355,559
1574701908194276149,565
1574701908275081012,562
1574701908355702108,565
1574701908436463649,568
1574701908517232350,564
1574701908597986160,568
1574701908678714595,572
1574701908759389109,575
1574701908840169098,575
1574701908910778047,569
1574701908991393826,568
1574701909072178477,567
1574701909152966842,559
1574701909233609573,556
1574701909314374489,566
1574701909395066627,564
1574701909475743255,564
1574701909556412886,561
1574701909637059605,561
1574701909717691838,563
1574701909798520379,567
1574701909879262134,560
1574701909959907213,562
1574701910040585271,560
1574701910111260929,557
1574701910201999076,563
1574701910272853691,557
1574701910353557536,560
1574701910434385745,551
1574701910515230862,559
1574701910595864263,549
1574701910676700030,562
1574701910757413710,550
1574701910838169557,552
1574701910919079812,560
1574701910989792021,554
1574701911070625728,555
1574701911151197605,548
1574701911232103552,551
1574701911312862682,555
1574701911393655128,546
1574701911474480589,547
1574701911555230125,547
1574701911635920902,541
1574701911716569937,542
1574701911797185809,540
1574701911878025859,542
1574701911958701756,544
1574701912029458255,543
1574701912110053567,545
1574701912190915536,543
1574701912271619820,549
1574701912352434568,546
1574701912433107956,545
1574701912513840901,539
1574701912594714289,543
1574701912675301819,537
1574701912756207390,547
1574701912836980654,542
1574701912917755886,545
1574701912998466148,550
1574701913079126458,547
1574701913149723521,548
1574701913230413474,548
1574701913311209406,539
1574701913391977825,554
1574701913472726478,560
1574701913553427100,549
1574701913634105136,552
1574701913714909728,560
1574701913795837975,556
1574701913876501453,555
1574701913957269100,556
1574701914038170108,556
1574701914118851043,567
1574701914189522967,555
1574701914280269887,570
1574701914360939490,566
1574701914431428204,565
1574701914512054369,570
1574701914592762943,575
1574701914673683692,576
1574701914754391427,573
1574701914835074630,581
1574701914915694521,580
1574701914996468762,577
1574701915077231425,581
1574701915158096850,583
1574701915238860287,584
1574701915319677125,581
1574701915400415404,581
1574701915481196220,584
1574701915551883669,591
1574701915632796771,592
1574701915713466269,582
1574701915794289325,586
1574701915875126521,592
1574701915955947003,585
1574701916036799658,589
1574701916117463801,595
1574701916198174233,585
1574701916278837790,594
1574701916359435390,584
1574701916440148372,585
1574701916510817697,596
1574701916591511920,584
1574701916672201804,582
1574701916752972566,590
1574701916833693353,583
1574701916914344806,582
1574701916995048330,586
1574701917075761841,580
1574701917156509300,582
1574701917237346298,581
1574701917318068190,576
1574701917399124508,579
1574701917479752581,575
1574701917550423609,577
1574701917631175841,563
1574701917711987399,568
1574701917792864595,567
1574701917873559212,568
1574701917954317842,566
1574701918034940123,568
1574701918115587278,570
1574701918196377303,562
1574701918277033742,568
1574701918357791548,570
1574701918438485516,570
1574701918519406961,576
1574701918600188435,567
1574701918670974418,570
1574701918751663285,566
1574701918832420438,568
1574701918913225063,561
1574701918994048579,571
1574701919074817177,563
1574701919155730111,559
1574701919236469555,573
1574701919317184600,562
1574701919397887075,574
1574701919478532305,569
1574701919559145661,571
1574701919629904298,568
1574701919710752142,571
1574701919791488253,562
1574701919872273962,558
1574701919953026121,566
1574701920033759731,561
1574701920114526880,560
1574701920195235592,558
1574701920275983956,565
1574701920356550294,561
1574701920437157448,563
1574701920517968257,561
1574701920598631544,568
1574701920669241890,553
1574701920749939696,560
1574701920830628207,561
1574701920911368578,564
1574701920992207260,549
1574701921072948448,555
1574701921153872663,546
1574701921234595906,542
1574701921315285415,543
1574701921396051349,542
1574701921476905773,548
1574701921547632383,546
1574701921628425636,537
1574701921709056345,545
1574701921789642281,552
1574701921870313680,549
1574701921951113490,546
1574701922031839619,549
1574701922112575158,550
1574701922193314567,553
1574701922274259193,559
1574701922354914944,547
1574701922435703594,556
1574701922516404263,550
1574701922597102518,545
1574701922677705535,552
1574701922758468369,553
1574701922839176697,559
1574701922919966534,552
1574701922990517983,562
1574701923071253589,562
1574701923152016775,562
1574701923232726210,562
1574701923313407222,563
1574701923394292830,559
1574701923475024240,567
1574701923555936469,559
1574701923636667025,554
1574701923717568150,556
1574701923798272204,557
1574701923878954249,560
1574701923949519250,559
1574701924040569961,570
1574701924111222951,564
1574701924191914804,564
1574701924272731056,569
1574701924353303304,570
1574701924434104136,558
1574701924514960162,576
1574701924595485476,570
1574701924676407714,567
1574701924757086476,578
1574701924837673150,578
1574701924918303942,572
1574701924998898544,575
1574701925079643100,577
1574701925150381524,583
1574701925231071654,578
1574701925311802826,583
1574701925392548186,579
1574701925473460147,580
1574701925554234260,581
1574701925635111315,590
1574701925715640029,584
1574701925796428494,585
1574701925877179737,600
1574701925958003597,592
1574701926038707854,594
1574701926119386264,592
1574701926189943793,595
1574701926280744316,600
1574701926351347342,593
1574701926432242821,594
1574701926513081346,599
1574701926593883728,598
1574701926674616761,606
1574701926755270382,600
1574701926836035890,594
1574701926916947288,608
1574701926997527269,598
1574701927078277279,598
1574701927148807290,601
1574701927239691384,592
1574701927310423905,593
1574701927401188921,592
1574701927471759451,586
1574701927552582312,593
1574701927633366056,589
1574701927714128856,594
1574701927794821131,589
1574701927875479515,591
1574701927956144323,589
1574701928037034949,590
1574701928117672905,595
1574701928198435721,597
1574701928269069261,598
1574701928349743009,592
1574701928430654745,592
1574701928511311113,597
1574701928592012971,598
1574701928672719692,604
1574701928753402295,613
1574701928834113035,619
1574701928914895071,623
1574701928995612785,623
1574701929076564853,622
1574701929157260203,620
1574701929237990775,620
1574701929318749679,613
1574701929399433590,616
1574701929480224599,620
1574701929550854500,621
1574701929631723743,615
1574701929712496119,618
1574701929793291423,618
1574701929874153625,612
1574701929954845947,611
1574701930035592479,615
1574701930116408395,619
1574701930197075553,617
1574701930277800390,615
1574701930358555237,625
1574701930439172171,621
1574701930519864419,613
1574701930590454559,623
1574701930671222242,620
1574701930751980387,614
1574701930832719196,624
1574701930913383663,622
1574701930993982859,616
1574701931074619476,618
1574701931155306763,623
1574701931236012815,622
1574701931316714281,617
1574701931397280759,629
1574701931478136014,624
1574701931548640792,610
1574701931639184219,612
1574701931719693295,620
1574701931800274936,617
1574701931870814501,616
1574701931951488721,613
1574701932032179037,619
1574701932112790385,608
1574701932193397421,617
1574701932273894613,615
1574701932354632667,618
1574701932435344927,623
1574701932515955735,624
1574701932596741585,623
1574701932677426408,624
1574701932758157557,624
1574701932838901165,620
1574701932909468768,628
1574701933000299392,627
1574701933070978412,623
1574701933151528830,628
1574701933232108977,628
1574701933312778820,625
1574701933393476499,627
1574701933474294560,629
1574701933554994324,619
1574701933635720581,619
1574701933716492708,622
1574701933797153621,612
1574701933877840738,623
1574701933958596981,616
1574701934039296398,618
1574701934109892622,623
1574701934200866963,617
1574701934271535071,620
1574701934352306395,619
1574701934433086447,618
1574701934513818412,613
1574701934594452425,615
1574701934675127326,628
1574701934755699378,619
1574701934836361001,619
1574701934916997826,621
1574701934997598067,621
1574701935078344264,619
1574701935159133020,617
1574701935229832141,624
1574701935310582068,613
1574701935391238961,614
1574701935471958934,601
1574701935552649059,598
1574701935633387677,594
1574701935714202214,597
1574701935794908412,603
1574701935875536036,600
1574701935956259956,601
1574701936036908513,607
1574701936117382654,606
1574701936188104587,608
1574701936268834737,610
1574701936349569103,603
1574701936430499586,601
1574701936511368729,605
1574701936592086372,601
1574701936673037595,603
1574701936753666162,599
1574701936834457667,601
1574701936915211869,608
1574701936995908982,601
1574701937076566274,590
1574701937147140157,603
1574701937237870300,607
1574701937308612979,610
1574701937389318188,606
1574701937470049729,610
1574701937550843493,607
1574701937631623603,605
1574701937712377445,613
1574701937793026212,608
1574701937873663627,613
1574701937954484180,616
1574701938035218806,608
1574701938115867838,606
1574701938196546101,601
1574701938277390691,601
1574701938358113320,602
1574701938428677706,611
1574701938509269884,606
1574701938589867133,607
1574701938670509567,602
1574701938751328373,607
1574701938832032090,606
1574701938912823313,603
1574701938993495777,606
1574701939074301544,592
1574701939155130786,597
1574701939235941073,596
1574701939316722160,602
1574701939387339980,601
1574701939478217267,603
1574701939548876496,599
1574701939629422963,603
1574701939710188718,592
1574701939790858111,602
1574701939871530756,598
1574701939952453475,590
1574701940033167617,594
1574701940114056677,602
1574701940194732146,596
1574701940275424015,603
1574701940356140425,601
1574701940436955611,595
1574701940507616623,602
1574701940588212362,595
1574701940668942044,591
1574701940749758220,599
1574701940830432236,594
1574701940911154580,598
1574701940991789775,594
1574701941072574718,592
1574701941153232263,591
1574701941233976868,586
1574701941314663938,589
1574701941395349197,591
1574701941475946914,588
1574701941556727527,590
1574701941637341742,593
1574701941718255779,582
1574701941788885384,584
1574701941869455533,587
1574701941950140709,586
1574701942030849550,590
1574701942111607228,592
1574701942192330471,590
1574701942273227805,593
1574701942353929059,585
1574701942434685233,595
1574701942515219598,598
1574701942596030793,591
1574701942676855652,595
1574701942747403455,588
1574701942828043865,591
1574701942908786579,598
1574701942989425107,590
1574701943070219526,595
1574701943150900025,597
1574701943231600715,605
1574701943312345864,595
1574701943393116086,600
1574701943473978877,608
1574701943554597402,598
1574701943635306843,608
1574701943716015529,606
1574701943796673706,604
1574701943877257479,597
1574701943957906430,602
1574701944038590155,602
1574701944109297721,606
1574701944189971987,606
1574701944270629750,607
1574701944351276194,598
1574701944431991588,594
1574701944512625225,593
1574701944593308608,592
1574701944673967297,594
1574701944754667450,593
1574701944835341083,600
1574701944916180443,599
1574701944996885161,605
1574701945067535657,606
1574701945148199388,605
1574701945228951715,604
1574701945309632838,597
1574701945390335194,609
1574701945471044149,604
1574701945551859097,603
1574701945632539661,595
1574701945713317078,601
1574701945793977386,603
1574701945875080350,602
1574701945955898766,600
1574701946036632555,602
1574701946107246148,597
1574701946188167981,594
1574701946268948995,594
1574701946349672943,594
1574701946430359442,586
1574701946511073382,587
1574701946591824416,588
1574701946672491194,592
1574701946753156779,586
1574701946833797502,593
1574701946914501817,599
1574701946995198991,600
1574701947075869352,607
1574701947156794953,600
1574701947227448009,604
1574701947308135676,599
1574701947388958564,588
1574701947469695910,594
1574701947550524927,598
1574701947631168280,600
1574701947711940599,604
1574701947792628173,605
1574701947873414352,598
1574701947954148872,610
1574701948034879155,601
1574701948115503560,607
1574701948196243705,597
1574701948267007840,600
1574701948357706047,602
1574701948428431734,609
1574701948509116060,605
1574701948589896704,605
1574701948670599350,605
1574701948751391534,608
1574701948832084416,608
1574701948912951987,603
1574701948993654943,596
1574701949074357875,605
1574701949155018062,603
1574701949235902321,605
1574701949316723335,601
1574701949387441885,600
1574701949468111912,606
1574701949548736296,600
1574701949629405818,599
1574701949710130332,601
1574701949790942290,596
1574701949871638046,604
1574701949952401871,603
1574701950033107200,592
1574701950113863637,599
1574701950194525932,598
1574701950275208200,601
1574701950355873088,598
1574701950436542783,589
1574701950507198563,597
1574701950587962945,596
1574701950668686145,602
1574701950749358162,598
1574701950830172365,605
1574701950910934880,601
1574701950991610779,597
1574701951072283271,600
1574701951153031380,602
1574701951233627566,594
1574701951314389731,599
1574701951395137090,600
1574701951475863505,599
1574701951546485714,593
1574701951627163402,600
1574701951707979171,592
1574701951788672011,589
1574701951869406437,586
1574701951950139467,591
1574701952030814757,589
1574701952111499109,591
1574701952192427244,591
1574701952273137907,596
1574701952353785858,593
1574701952434472405,591
1574701952515163825,595
1574701952595752812,596
1574701952676396364,593
1574701952747023008,603
1574701952827753267,599
1574701952908382751,597
1574701952989082426,598
1574701953069715757,593
1574701953150549659,595
1574701953231129072,588
1574701953311781885,586
1574701953392495505,588
1574701953473145398,593
1574701953553849820,593
1574701953634648149,596
1574701953715208642,598
1574701953785777924,599
1574701953866455206,600
1574701953947063424,603
1574701954027698524,604
1574701954108429044,603
1574701954189181367,603
1574701954269825807,590
1574701954350592951,590
1574701954431232127,599
1574701954511911564,605
1574701954592749674,597
1574701954673425460,588
1574701954754017380,596
1574701954834902774,594
1574701954905461386,597
1574701954986129638,601
1574701955067021051,594
1574701955147696723,596
1574701955228346825,586
1574701955309091238,588
1574701955389748575,596
1574701955470488816,592
1574701955551187938,593
1574701955631899323,590
1574701955712593385,587
1574701955793288103,593
1574701955874208742,585
1574701955944832658,581
1574701956025583815,579
1574701956106262189,575
1574701956186941621,583
1574701956267678266,573
1574701956348380539,571
1574701956429098955,580
1574701956509868406,576
1574701956590573966,575
1574701956671373657,573
1574701956752057403,577
1574701956832900800,581
1574701956913581743,586
1574701956984140595,585
1574701957074951287,586
1574701957145468684,588
1574701957226301511,579
1574701957307028327,584
1574701957387594279,590
1574701957468230178,585
1574701957548953277,593
1574701957629665773,585
1574701957710486148,593
1574701957791170701,574
1574701957871909616,591
1574701957952632242,591
1574701958033356042,601
1574701958114050198,592
1574701958194777653,596
1574701958265299774,597
1574701958356077228,598
1574701958426808463,594
1574701958507406495,588
1574701958588179130,590
1574701958668846853,600
1574701958749450076,594
1574701958830188952,587
1574701958910857361,593
1574701958991619659,592
1574701959072327297,595
1574701959153093613,594
1574701959233765423,595
1574701959304348188,590
1574701959385186776,596
1574701959465878366,600
1574701959546626972,599
1574701959627197938,590
1574701959708003619,593
1574701959788685946,591
1574701959869312078,594
1574701959949917973,601
1574701960030613867,591
1574701960111228696,594
1574701960191934759,598
1574701960272641569,593
1574701960353326015,592
1574701960434045648,589
1574701960504780661,583
1574701960585453766,595
1574701960666125137,580
1574701960746731772,581
1574701960827356716,573
1574701960908074093,572
1574701960988857426,570
1574701961069523320,569
1574701961150213256,567
1574701961231100441,572
1574701961302341596,570
1574701961382952171,566
1574701961463605558,561
1574701961544322977,565
1574701961625013843,563
1574701961705719923,571
1574701961786430426,563
1574701961867065135,571
1574701961947806032,570
1574701962028621276,573
1574701962109228264,568
1574701962189955331,575
1574701962270585388,571
1574701962351221344,569
1574701962431964005,573
1574701962512655603,568
1574701962583235381,572
1574701962663934567,573
1574701962744754878,568
1574701962825398698,563
1574701962906122234,577
1574701962986849849,568
1574701963067463076,570
1574701963148263497,573
1574701963228899346,568
1574701963309604610,571
1574701963390309317,568
1574701963471225484,569
1574701963541853886,563
1574701963632642635,565
1574701963713245323,566
1574701963783767866,551
1574701963864563526,547
1574701963945231162,556
1574701964025919730,555
1574701964106667517,564
1574701964187284720,558
1574701964267949409,567
1574701964348608779,561
1574701964429322795,554
1574701964510073833,568
1574701964590892790,559
1574701964671566319,555
1574701964742130520,558
1574701964822842195,556
1574701964903479680,552
1574701964984242975,548
1574701965064882296,562
1574701965145543648,556
1574701965226246827,557
1574701965306926049,556
1574701965387619772,555
1574701965468291758,544
1574701965548978464,551
1574701965629604326,543
1574701965710301848,548
1574701965780924111,552
1574701965861626760,542
1574701965942377920,548
1574701966023077852,542
1574701966103740976,536
1574701966184428856,534
1574701966265111965,532
1574701966345739634,533
1574701966426435956,521
1574701966507024471,522
1574701966587573698,532
1574701966668218465,530
1574701966748890372,531
1574701966829500940,533
1574701966910214120,526
1574701966990916496,518
1574701967061443489,518
1574701967142161714,519
1574701967222901647,519
1574701967303528753,515
1574701967384346724,520
1574701967465073319,512
1574701967545721827,519
1574701967626418206,513
1574701967707121561,515
1574701967787935978,506
1574701967868618368,507
1574701967949307399,515
1574701968030019280,521
1574701968100651338,528
1574701968191388725,526
1574701968261969152,511
1574701968342610327,516
1574701968423129979,510
1574701968503726072,523
1574701968584354471,509
1574701968665053049,510
1574701968745661052,508
1574701968826348740,511
1574701968907073151,513
1574701968987782814,525
1574701969068482358,525
1574701969149186697,529
1574701969229853283,528
1574701969300578502,526
1574701969381288323,519
1574701969461932224,525
1574701969542623593,520
1574701969623216365,512
1574701969703781188,516
1574701969784593354,511
1574701969865307980,506
1574701969946018800,502
1574701970026704959,510
1574701970107401488,505
1574701970188061341,514
1574701970258658331,509
1574701970339358061,509
1574701970419992163,508
1574701970500626617,500
1574701970581276019,496
1574701970661973126,498
1574701970742627470,489
1574701970823251009,491
1574701970903870217,493
1574701970984458018,491
1574701971065166270,493
1574701971145751841,489
1574701971226423406,493
1574701971307009349,492
1574701971387710306,483
1574701971468375740,477
1574701971549001288,488
1574701971619546409,488
1574701971700235276,489
1574701971780937387,484
1574701971861920374,492
1574701971942535268,484
1574701972023218881,494
1574701972103919993,491
1574701972184566493,496
1574701972265141479,490
1574701972345997314,491
1574701972426740570,482
1574701972507442158,477
1574701972578096706,472
1574701972658935556,472
1574701972739592913,468
1574701972820482525,475
1574701972901177886,461
1574701972981957859,458
1574701973062668204,447
1574701973143373768,457
1574701973224039109,456
1574701973304828582,451
1574701973385454832,447
1574701973466299197,454
1574701973546993847,442
1574701973617519415,454
1574701973698196898,452
1574701973778947072,438
1574701973859606164,439
1574701973940475623,437
1574701974021121108,431
1574701974102269920,432
1574701974182982340,431
1574701974263605032,429
1574701974344282372,422
1574701974424978635,431
1574701974505793963,426
1574701974586509192,443
1574701974657132034,436
1574701974747799853,452
1574701974828618271,461
1574701974899302865,449
1574701974980099678,462
1574701975060783121,468
1574701975141396745,451
1574701975222066314,442
1574701975302781272,445
1574701975383373908,434
1574701975464015025,434
1574701975544645102,423
1574701975625257760,419
1574701975695811174,398
1574701975776430145,382
1574701975856981661,367
1574701975937592190,362
1574701976018293562,373
1574701976099043924,372
1574701976179736903,383
1574701976260443641,381
1574701976341150408,387
1574701976421843008,396
1574701976502507825,409
1574701976583225948,411
1574701976663902442,425
1574701976734504998,414
1574701976815142732,415
1574701976905970958,422
1574701976976592159,432
1574701977067356664,436
1574701977137908379,447
1574701977218584305,425
1574701977299219665,428
1574701977379888533,422
1574701977460648539,414
1574701977541275307,387
1574701977611834231,373
1574701977692567335,352
1574701977773162678,345
1574701977853810576,334
1574701977934467883,340
1574701978015081446,364
1574701978095842000,364
1574701978176543616,375
1574701978257158146,403
1574701978337785958,425
1574701978418480029,435
1574701978499140612,451
1574701978579769537,488
1574701978660433031,508
1574701978741165035,530
1574701978821780427,550
1574701978902490669,560
1574701978983196408,571
1574701979063923781,586
1574701979154749051,605
1574701979225437033,625
1574701979306118334,637
1574701979386795275,648
1574701979467478966,661
1574701979548144283,649
1574701979628771471,669
1574701979709447034,658
1574701979790153837,649
1574701979870859916,656
1574701979951541698,654
1574701980032500351,653
1574701980113174378,653
1574701980193787288,660
1574701980274471444,645
1574701980355226196,648
1574701980436033228,656
1574701980506733058,654
1574701980587348538,668
1574701980668033505,658
1574701980748715188,645
1574701980829277117,651
1574701980910012297,650
1574701980990721357,644
1574701981071375407,651
1574701981152059166,656
1574701981232827577,658
1574701981313445268,654
1574701981384070665,648
1574701981464748962,644
1574701981545472968,645
1574701981626162474,634
1574701981706764657,633
1574701981787321990,630
1574701981868060367,635
1574701981948725325,628
1574701982029396750,625
1574701982110104534,630
1574701982190815545,624
1574701982271362357,632
1574701982341976703,623
1574701982422668525,639
1574701982513340318,646
1574701982583892930,651
1574701982664625772,645
1574701982745230582,657
1574701982825933378,659
1574701982906639950,658
1574701982987313694,654
1574701983068020452,646
1574701983148657783,644
1574701983229287342,638
1574701983309964895,630
1574701983390675033,628
1574701983471364337,615
1574701983552006884,622
1574701983622638601,610
1574701983703287138,604
1574701983784024126,592
1574701983864668764,589
1574701983945292636,588
1574701984025987498,588
1574701984106632444,581
1574701984187199423,578
1574701984267996698,578
1574701984348805491,575
1574701984429624553,571
1574701984510331875,573
1574701984591085135,571
1574701984661744987,572
1574701984772668225,563
1574701984823070762,553
1574701984903740462,559
1574701984984392770,560
1574701985065125519,558
1574701985145769620,555
1574701985226402419,560
1574701985307069742,558
1574701985387696741,555
1574701985468332239,559
1574701985549020587,556
1574701985619664234,560
1574701985700438010,565
1574701985781107372,567
1574701985861784024,558
1574701985942490762,557
1574701986023114381,544
1574701986103785061,541
1574701986184397660,521
1574701986265096749,520
1574701986345775427,523
1574701986426539053,517
1574701986507212432,501
1574701986577791627,498
1574701986668650706,500
1574701986749278685,494
1574701986830025179,526
1574701986900643013,545
1574701986981321988,524
1574701987062029920,508
1574701987132640363,492
1574701987213326452,480
1574701987304111252,466
1574701987374735857,477
1574701987465462096,488
1574701987536036744,484
1574701987616733639,493
1574701987697288053,489
1574701987777949756,491
1574701987858662286,497
1574701987939289070,493
1574701988019967086,487
1574701988100607697,481
1574701988181319667,480
1574701988262048798,489
1574701988342816573,466
1574701988423573278,476
1574701988504196469,477
1574701988584772908,488
1574701988665440401,520
1574701988746208541,540
1574701988826944381,536
1574701988907584283,550
1574701988978206237,552
1574701989058911534,535
1574701989139560956,540
1574701989220234408,538
1574701989300944990,532
1574701989381615721,536
1574701989462286269,538
1574701989542958940,541
1574701989623569145,537
1574701989704273533,545
1574701989784957509,539
1574701989865548719,539
1574701989946211134,540
1574701990026892535,530
1574701990097463392,537
1574701990178089302,529
1574701990258808153,533
1574701990339478369,504
1574701990420194077,504
1574701990500880050,499
1574701990581516330,500
1574701990662236255,485
1574701990742939182,477
1574701990823569463,446
1574701990894129877,411
1574701990974774901,373
1574701991055397295,368
1574701991136078571,332
1574701991216757452,313
1574701991297444182,286
1574701991378167475,284
1574701991448711448,272
1574701991529345351,269
1574701991609966459,271
1574701991690664625,271
1574701991771319318,245
1574701991852017589,256
1574701991932628135,243
1574701992013308225,237
1574701992093923929,234
1574701992174471809,237
1574701992255088493,239
1574701992335711600,242
1574701992416426320,240
1574701992497177164,253
1574701992577847335,257
1574701992648422607,249
1574701992729103659,253
1574701992809772000,254
1574701992890476253,255
1574701992971072446,261
1574701993051746803,246
1574701993132465573,250
1574701993213105200,247
1574701993293669200,232
1574701993374348379,235
1574701993455087784,238
1574701993535725182,221
1574701993616404219,223
1574701993697005565,244
1574701993767538901,273
1574701993858351770,278
1574701993939029509,295
1574701994009596676,316
1574701994090267236,313
1574701994170948884,313
1574701994251536678,340
1574701994332205302,342
1574701994412988928,358
1574701994493746889,356
1574701994574435417,353
1574701994655085832,377
1574701994735753954,387
1574701994816423894,389
1574701994897093366,387
1574701994977795119,389
1574701995058474960,394
1574701995139149861,383
1574701995219789603,396
1574701995300466215,384
1574701995381126571,398
1574701995461803552,394
1574701995542484205,401
1574701995613079325,399
1574701995703821287,400
1574701995774452182,387
1574701995855219482,389
1574701995935926689,395
1574701996016654841,390
1574701996097316186,401
1574701996178019027,397
1574701996258736393,403
1574701996339396935,415
1574701996420103484,403
1574701996500801801,412
1574701996581447703,411
1574701996662094024,408
1574701996742720453,407
1574701996813374963,408
1574701996893983367,410
1574701996974653234,400
1574701997055293272,403
1574701997135987167,414
1574701997216556147,405
1574701997297164270,404
1574701997377812221,398
1574701997458517701,398
1574701997539128824,407
1574701997619767913,397
1574701997700440413,399
1574701997781118601,391
1574701997861838918,394
1574701997942521202,407
1574701998013250439,394
1574701998103940262,406
1574701998174521477,397
1574701998255198916,391
1574701998335855416,390
1574701998416530887,396
1574701998497179406,399
1574701998577849377,395
1574701998658554807,394
1574701998739214977,388
1574701998819927632,411
1574701998900605752,416
1574701998981309679,415
1574701999051895448,422
1574701999142675424,427
1574701999223378718,433
1574701999294057112,420
1574701999374684123,414
1574701999455388088,410
1574701999535972935,413
1574701999616690753,422
1574701999697312410,413
1574701999778016978,418
1574701999858685466,419
1574701999939358454,414
1574702000020035249,421
1574702000100714180,424
1574702000181407039,423
1574702000262120017,421
1574702000342705150,427
1574702000413415665,433
1574702000504137711,436
1574702000574724204,426
1574702000655397842,429
1574702000736108191,432
1574702000816885900,426
1574702000897563839,426
1574702000978251776,429
1574702001058888445,415
1574702001139576738,421
1574702001220290285,425
1574702001300995573,425
1574702001381653648,419
1574702001452282536,409
1574702001543106748,411
1574702001613666028,402
1574702001694378866,406
1574702001775021577,407
1574702001855705797,405
1574702001936481783,413
1574702002017125646,404
1574702002097757001,402
1574702002178518663,399
1574702002259169638,398
1574702002339884367,398
1574702002420601751,391
1574702002491218702,389
1574702002571926014,393
1574702002652639849,396
1574702002733259364,396
1574702002813904487,384
1574702002894619266,400
1574702002975199449,389
1574702003055789846,394
1574702003136513340,395
1574702003217158474,394
1574702003297828268,405
1574702003378540259,406
1574702003459227509,404
1574702003539857796,414
1574702003620533831,412
1574702003701160715,417
1574702003781839039,410
1574702003862552598,418
1574702003933113814,424
1574702004013731050,418
1574702004094346814,417
1574702004175029277,424
1574702004255741249,422
1574702004336417416,426
1574702004417155942,410
1574702004497825496,409
1574702004578496599,405
1574702004659098709,392
1574702004739802806,415
1574702004820528997,416
1574702004901229198,421
1574702004981927162,423
1574702005052540852,426
1574702005133150720,440
1574702005213768943,428
1574702005294365862,437
1574702005385085849,442
1574702005455611599,427
1574702005536239082,432
1574702005616883555,448
1574702005697492036,451
1574702005778147388,451
1574702005858851791,449
1574702005939524896,462
1574702006020235910,461
1574702006100945097,462
1574702006181634992,460
1574702006262352434,462
1574702006343087834,463
1574702006423794628,466
1574702006494380803,464
1574702006575072607,457
1574702006655709230,463
1574702006736321774,472
1574702006816977986,462
1574702006897613243,464
1574702006978311149,464
1574702007059017835,472
1574702007139681676,470
1574702007220518349,466
1574702007301168952,480
1574702007381884719,478
1574702007462562119,481
1574702007543209233,480
1574702007623761294,472
1574702007704456944,474
1574702007775074530,478
1574702007855685833,475
1574702007936432894,471
1574702008017107193,470
1574702008097764673,476
1574702008178468771,483
1574702008259078817,483
1574702008339658925,486
1574702008420367610,486
1574702008501010493,486
1574702008581630464,478
1574702008662341153,478
1574702008743065529,472
1574702008823740861,462
1574702008904466633,460
1574702008975070131,471
1574702009055759428,475
1574702009136464051,469
1574702009217228732,469
1574702009297904053,476
1574702009378547824,475
1574702009459218517,468
1574702009539899182,472
1574702009620568873,472
1574702009701164792,471
1574702009781930114,482
1574702009852519562,467
1574702009943335190,483
1574702010013908705,478
1574702010094587774,474
1574702010175219876,477
1574702010255924912,486
1574702010336551940,476
1574702010417179525,483
1574702010497859165,478
1574702010578559587,482
1574702010659224339,485
1574702010739953903,488
1574702010820601355,481
1574702010901237732,480
1574702010981932800,485
1574702011062686245,489
1574702011143270234,484
1574702011223950609,492
1574702011304637099,491
1574702011375220576,488
1574702011455860901,489
1574702011536605568,489
1574702011617248238,479
1574702011697898547,488
1574702011778608821,480
1574702011859213587,487
1574702011939937433,481
1574702012020614880,481
1574702012101257117,481
1574702012181956710,482
1574702012262575540,484
1574702012333170200,479
1574702012413770246,477
1574702012494384255,471
1574702012575020308,474
1574702012655539658,474
1574702012736207574,468
1574702012816842506,471
1574702012897518762,481
1574702012978230452,470
1574702013058899146,469
1574702013139577253,474
1574702013220267199,482
1574702013300936264,487
1574702013381649442,493
1574702013462313439,492
1574702013532966154,496
1574702013613582448,494
1574702013704381157,492
1574702013774944040,489
1574702013855545346,492
1574702013936133537,496
1574702014016746661,493
1574702014097359282,489
1574702014178025993,501
1574702014258724170,495
1574702014339375695,496
1574702014420025313,487
1574702014500734475,490
1574702014581386274,483
1574702014662061671,497
1574702014742666008,499
1574702014813396300,505
1574702014894060229,508
1574702014974718479,508
1574702015055428687,505
1574702015136104674,500
1574702015216778639,501
1574702015297419185,494
1574702015378118319,493
1574702015458818962,489
1574702015539490596,504
1574702015620201485,506
1574702015700850002,505
1574702015781550025,500
1574702015862221740,502
1574702015932699424,503
1574702016013255410,501
1574702016093902274,499
1574702016174560928,496
1574702016255170692,499
1574702016335807879,497
1574702016416492774,498
1574702016497170305,491
1574702016577840339,489
1574702016658559484,490
1574702016739215739,482
1574702016819927403,489
1574702016900595621,489
1574702016981249078,485
1574702017061896704,494
1574702017132509760,487
1574702017223255167,482
1574702017293834804,488
1574702017374487652,483
1574702017455159410,487
1574702017535953608,482
1574702017616707076,482
1574702017697300204,487
1574702017777984217,479
1574702017858659912,479
1574702017939275380,477
1574702018019973384,476
1574702018100685148,479
1574702018181325376,485
1574702018251903947,492
1574702018342653088,493
1574702018423339848,498
1574702018493919938,494
1574702018574667000,497
1574702018655327492,489
1574702018736040051,498
1574702018816695200,497
1574702018897313574,496
1574702018978008488,492
1574702019058723035,495
1574702019139338413,500
1574702019220039485,498
1574702019300706466,500
1574702019381315837,502
1574702019461999248,495
1574702019532548404,486
1574702019613291250,488
1574702019693929733,486
1574702019774607334,477
1574702019855243252,487
1574702019935957470,484
1574702020016628175,487
1574702020097253680,485
1574702020177923221,480
1574702020258538436,470
1574702020339208466,475
1574702020419812158,469
1574702020500563038,472
1574702020581237145,478
1574702020651835988,481
1574702020742525566,490
1574702020813058519,496
1574702020893684317,479
1574702020974408012,494
1574702021055076978,491
1574702021135680316,505
1574702021216359102,499
1574702021297021062,499
1574702021377710874,509
1574702021458385688,510
1574702021539087521,508
1574702021619765830,516
1574702021700469700,505
1574702021781159651,508
1574702021861874657,508
1574702021932501245,512
1574702022023213710,508
1574702022103851055,513
1574702022184552588,515
1574702022255079469,517
1574702022335739827,512
1574702022416440115,516
1574702022496984856,521
1574702022577652259,520
1574702022658360760,521
1574702022739074908,522
1574702022819739149,523
1574702022900460838,530
1574702022981167745,522
1574702023061842327,525
1574702023142487680,527
1574702023223154887,524
1574702023303736979,513
1574702023374423848,512
1574702023455088832,510
1574702023535762608,511
1574702023616422888,511
1574702023697032528,513
1574702023777656675,517
1574702023858356211,525
1574702023939077490,526
1574702024019708373,531
1574702024100358484,521
1574702024181018724,524
1574702024261651047,522
1574702024332240079,522
1574702024413018065,517
1574702024493675033,514
1574702024574360211,518
1574702024655032127,517
1574702024735637754,516
1574702024816313319,517
1574702024896986087,521
1574702024977649137,516
1574702025058317826,519
1574702025139020489,521
1574702025219721250,520
1574702025300408471,518
1574702025381119834,523
1574702025461796149,522
1574702025542477572,519
1574702025613028295,526
1574702025703726135,526
1574702025774276793,520
1574702025854945889,526
1574702025935605698,528
1574702026016341993,528
1574702026097054211,536
1574702026177742150,539
1574702026258411227,543
1574702026339081196,539
1574702026419708888,543
1574702026500358894,538
1574702026581083008,527
1574702026661747128,538
1574702026742452855,527
1574702026823091452,526
1574702026893667509,525
1574702026974375168,528
1574702027055029416,531
1574702027135594385,533
1574702027216278380,529
1574702027296983640,527
1574702027377678226,537
1574702027458341693,525
1574702027539006137,526
1574702027619680682,515
1574702027700389229,517
1574702027770989189,514
1574702027861658363,521
1574702027932270903,503
1574702028012899417,501
1574702028093550059,495
1574702028174197562,502
1574702028254994389,507
1574702028335598919,520
1574702028416365616,520
1574702028497053919,521
1574702028577633234,515
1574702028658335889,522
1574702028738966463,515
1574702028819554823,526
1574702028900204404,522
1574702028970822182,519
1574702029051491313,510
1574702029132162715,528
1574702029212871664,514
1574702029293456676,524
1574702029374166528,523
1574702029454749341,520
1574702029535347146,522
1574702029616083688,536
1574702029696798885,532
1574702029777437395,542
1574702029858108089,543
1574702029938808822,541
1574702030019446337,532
1574702030100164673,533
1574702030180815478,531
1574702030261399587,538
1574702030342135994,534
1574702030412731555,540
1574702030493395608,539
1574702030574033387,539
1574702030654812701,535
1574702030735359889,548
1574702030816076484,528
1574702030896782425,537
1574702030977332417,537
1574702031057993852,547
1574702031138667529,537
1574702031219244924,543
1574702031299957757,535
1574702031380674620,540
1574702031461346990,527
1574702031542055960,536
1574702031622828452,532
1574702031693416716,530
1574702031774089990,522
1574702031854803773,532
1574702031935433500,531
1574702032016210769,539
1574702032096874893,531
1574702032177482340,540
1574702032258192270,532
1574702032338903465,532
1574702032419563102,534
1574702032500252359,532
1574702032580976409,542
1574702032651538368,539
1574702032732224860,530
1574702032812907314,530
1574702032893550021,516
1574702032974266759,526
1574702033054968200,531
1574702033135546522,518
1574702033216207633,519
1574702033296820433,521
1574702033377518942,515
1574702033458182318,521
1574702033538889885,521
1574702033619557786,512
1574702033700236049,511
1574702033770869869,517
1574702033861450054,510
1574702033932035034,508
1574702034012728128,507
1574702034093315575,514
1574702034174032803,502
1574702034254759647,515
1574702034335322291,505
1574702034416005005,511
1574702034496702699,508
1574702034577387693,500
1574702034658059303,500
1574702034738767088,498
1574702034819401483,501
1574702034890022466,497
1574702034980775143,498
1574702035051374247,496
1574702035132085609,494
1574702035222863052,487
1574702035293468450,489
1574702035374107356,492
1574702035454807214,497
1574702035535462871,510
1574702035616172820,503
1574702035696894966,502
1574702035777503461,516
1574702035858118359,510
1574702035938816841,524
1574702036019489956,518
1574702036100188467,523
1574702036170778322,507
1574702036261489837,512
1574702036332109152,516
1574702036412782385,513
1574702036493437128,513
1574702036574125213,517
1574702036654845576,518
1574702036735506855,522
1574702036816134729,525
1574702036896790906,527
1574702036977475236,528
1574702037058180789,526
1574702037138879269,526
1574702037219559676,525
1574702037300256336,532
1574702037380833116,523
1574702037451396885,510
1574702037532098713,516
1574702037612867845,518
1574702037693740805,530
1574702037774721181,516
1574702037855462106,523
1574702037936391928,513
1574702038017245897,515
1574702038098154263,513
1574702038179115964,515
1574702038259850500,511
1574702038340878360,509
1574702038421789485,509
1574702038492664996,506
1574702038573476827,511
1574702038654264382,526
1574702038735121345,528
1574702038816008325,529
1574702038896827061,536
1574702038977659350,527
1574702039058570021,539
1574702039139435572,532
1574702039210246443,535
1574702039291056980,530
1574702039371840076,529
1574702039462742368,526
1574702039543468809,530
1574702039614217314,530
1574702039695159996,533
1574702039776036081,541
1574702039856882020,534
1574702039937624255,541
1574702040018616191,544
1574702040099481389,551
1574702040180383808,543
1574702040261347950,528
1574702040332070193,527
1574702040412929941,536
1574702040493694469,542
1574702040574659812,551
1574702040655545486,547
1574702040736431192,548
1574702040817262169,549
1574702040898108840,549
1574702040978998002,545
1574702041059727385,544
1574702041140588894,549
1574702041211279999,542
1574702041292154143,555
1574702041373203369,551
1574702041454017899,558
1574702041535040219,547
1574702041615896745,566
1574702041696718278,555
1574702041777552023,557
1574702041858463046,551
1574702041939282092,552
1574702042010056385,540
1574702042090936328,544
1574702042181785336,538
1574702042252471741,523
1574702042333296500,521
1574702042414144520,530
1574702042494993723,527
1574702042575841829,531
1574702042656676470,535
1574702042737498233,535
1574702042818388330,540
1574702042899245650,532
1574702042980139120,532
1574702043050951174,532
1574702043131729338,531
1574702043212565931,540
1574702043293364824,536
1574702043374215036,544
1574702043454993409,537
1574702043535741326,539
1574702043616763142,533
1574702043697570040,539
1574702043778411015,534
1574702043849210273,536
1574702043940086326,539
1574702044010889977,533
1574702044091698144,535
1574702044172636802,545
1574702044253408527,535
1574702044334200566,538
1574702044415067376,531
1574702044495934729,534
1574702044576871350,519
1574702044657582880,525
1574702044738464502,518
1574702044819274392,515
1574702044890015667,519
1574702044970904622,522
1574702045051764957,518
1574702045132629830,517
1574702045213415387,522
1574702045294216954,524
1574702045375115111,520
1574702045455957118,516
1574702045536932790,514
1574702045617725335,511
1574702045698612842,506
1574702045779447274,507
1574702045850224357,511
1574702045931109349,514
1574702046011930599,515
1574702046092682650,527
1574702046173440803,526
1574702046254311289,529
1574702046335152631,530
1574702046415974959,531
1574702046496714210,523
1574702046577386640,531
1574702046658218059,530
1574702046739058075,532
1574702046819901802,533
1574702046900824540,542
1574702046981675392,539
1574702047052413097,546
1574702047133214733,540
1574702047214067201,544
1574702047294963468,535
1574702047376023567,540
1574702047456846257,534
1574702047537617590,531
1574702047618480391,530
1574702047689167298,530
1574702047780141297,530
1574702047850843032,532
1574702047941787182,524
1574702048012643495,524
1574702048093344504,521
1574702048174192163,519
1574702048254977215,516
1574702048335735907,516
1574702048416507913,506
1574702048497420186,513
1574702048578334698,507
1574702048649122091,512
1574702048729972906,512
1574702048810858654,515
1574702048891696433,511
1574702048972640019,511
1574702049053472963,509
1574702049134330430,514
1574702049215287631,508
1574702049296092973,517
1574702049376926978,517
1574702049457730806,516
1574702049538578128,510
1574702049609273680,512
1574702049690147366,510
1574702049771053948,504
1574702049851853422,507
1574702049932690354,521
1574702050013395933,510
1574702050094148600,505
1574702050174961837,498
1574702050255741705,506
1574702050336548264,498
1574702050417359111,494
1574702050498177726,486
1574702050579079873,486
1574702050649784839,495
1574702050730620532,497
1574702050811490715,494
1574702050892412762,495
1574702050973245016,491
1574702051053946896,493
1574702051134775072,490
1574702051215487633,496
1574702051296363765,495
1574702051377215497,490
1574702051447880689,484
1574702051528754312,481
1574702051609540130,481
1574702051690448180,483
1574702051771452171,481
1574702051852365340,478
1574702051933135017,477
1574702052013946391,483
1574702052094690917,483
1574702052175572050,485
1574702052246221323,487
1574702052327109053,489
1574702052418205956,487
1574702052488933180,492
1574702052569723456,487
1574702052650589338,491
1574702052731432339,487
1574702052812414618,487
1574702052893308170,483
1574702052974110316,487
1574702053054876198,486
1574702053135652035,488
1574702053216654646,481
1574702053287430226,491
1574702053368213126,488
1574702053449085102,490
1574702053529827372,496
1574702053610643088,484
1574702053691376806,481
1574702053772133544,484
1574702053852891005,485
1574702053933587612,488
1574702054014425104,474
1574702054095306554,490
1574702054176254210,475
1574702054246988401,469
1574702054327854484,466
1574702054408732700,473
1574702054489629746,469
1574702054570502642,459
1574702054651260192,459
1574702054732088519,462
1574702054812923441,454
1574702054893692497,462
1574702054974526793,450
1574702055045817845,458
1574702055126636325,465
1574702055217461343,461
1574702055288287509,459
1574702055369092319,453
1574702055449905299,446
1574702055530843056,451
1574702055611638426,454
1574702055692397660,452
1574702055773350431,443
1574702055854198428,446
1574702055935028663,445
1574702056015751455,453
1574702056096531796,436
1574702056177150431,449
1574702056247936761,446
1574702056328777152,453
1574702056409909287,446
1574702056490805431,453
1574702056571657897,440
1574702056652497465,448
1574702056733313446,445
1574702056804065784,442
1574702056894950293,437
1574702056965863960,437
1574702057046858475,425
1574702057127616088,447
1574702057208521471,446
1574702057289464380,450
1574702057370330703,461
1574702057451273387,453
1574702057532196706,459
1574702057612849874,460
1574702057693634485,455
1574702057774414418,461
1574702057855186055,455
1574702057925938204,463
1574702058006708548,462
1574702058087478858,463
1574702058168284625,450
1574702058249119204,449
1574702058329882210,454
1574702058410748623,454
1574702058491555728,457
1574702058572386556,454
1574702058653331745,450
1574702058734191360,455
1574702058815095875,448
1574702058885829164,448
1574702058966554263,443
1574702059047417116,442
1574702059128278655,437
1574702059209154011,442
1574702059289926587,434
1574702059370700562,434
1574702059451484880,443
1574702059532279503,444
1574702059613053876,450
1574702059693793633,461
1574702059774655884,445
1574702059855489552,458
1574702059926309773,448
1574702060017112634,457
1574702060087852966,451
1574702060168692355,459
1574702060249507083,451
1574702060330313347,457
1574702060411094183,460
1574702060491893602,459
1574702060572697504,453
1574702060653722711,455
1574702060724450566,443
1574702060815364339,452
1574702060896178078,443
1574702060966889009,462
1574702061047710169,445
1574702061128540496,448
1574702061209327669,435
1574702061290364404,439
1574702061371277478,431
1574702061452155522,433
1574702061532980832,429
1574702061613821256,430
1574702061694719813,427
1574702061765409265,444
1574702061846065433,425
1574702061926927199,427
1574702062007701263,420
1574702062088581439,415
1574702062169395152,423
1574702062250223722,435
1574702062331171915,427
1574702062412077100,424
1574702062493058086,435
1574702062573749432,441
1574702062654634482,443
1574702062735442877,443
1574702062806311218,448
1574702062887050585,451
1574702062967936391,447
1574702063048800563,449
1574702063129610951,449
1574702063210501934,447
1574702063291329851,441
1574702063372173719,449
1574702063452989397,439
1574702063533833854,447
1574702063614707187,442
1574702063685378985,448
1574702063766205373,457
1574702063847059317,458
1574702063927841514,459
1574702064008666676,460
1574702064089451156,460
1574702064170273663,463
1574702064251107026,459
1574702064331949697,454
1574702064412853906,454
1574702064493567279,461
1574702064564329518,448
1574702064645300238,442
1574702064726181612,446
1574702064807075490,449
1574702064887919863,449
1574702064968696447,446
1574702065049418968,453
1574702065130305004,452
1574702065211156370,454
1574702065292001070,447
1574702065372869250,446
1574702065453734627,448
1574702065534566598,454
1574702065615313884,450
1574702065696183797,460
1574702065766786412,469
1574702065847611708,462
1574702065928520098,467
1574702066009417028,464
1574702066090261507,465
1574702066171118290,461
1574702066252176825,459
1574702066333085955,458
1574702066413926458,460
1574702066484690457,468
1574702066565511525,465
1574702066646353172,460
1574702066727117586,465
1574702066807994322,476
1574702066888823372,472
1574702066969608924,469
1574702067050443396,467
1574702067131295333,459
1574702067212185066,450
1574702067293102768,444
1574702067374487518,439
1574702067445185639,435
1574702067525998249,449
1574702067606780206,450
1574702067687531901,444
1574702067768474065,461
1574702067849322216,460
1574702067930153378,450
1574702068011029878,449
1574702068091864019,455
1574702068172752388,443
1574702068253603460,430
1574702068334369751,430
1574702068405175996,429
1574702068486036318,411
1574702068566832352,412
1574702068647691601,417
1574702068728505284,429
1574702068809322700,426
1574702068890204604,426
1574702068971077716,424
1574702069052056630,426
1574702069122810246,421
1574702069203647266,418
1574702069284488433,407
1574702069365553542,411
1574702069446428333,411
1574702069527188351,415
1574702069608043374,420
1574702069688875465,426
1574702069769730920,423
1574702069850578879,400
1574702069931452969,397
1574702070012366398,419
1574702070083115105,401
1574702070163928457,408
1574702070244788673,391
1574702070325434724,372
1574702070406466761,370
1574702070487309692,362
1574702070568220273,368
1574702070649124062,364
1574702070729990058,352
1574702070810867494,367
1574702070881633878,351
1574702070962603061,357
1574702071043512152,349
1574702071124309859,335
1574702071205180768,334
1574702071285904567,287
1574702071356919361,240
1574702071437623526,200
1574702071518457346,181
1574702071599293215,157
1574702071680167636,163
1574702071761020128,175
1574702071841843535,166
1574702071922771830,183
1574702072003580938,191
1574702072084394324,193
1574702072155112875,185
1574702072235900095,185
1574702072316874535,179
1574702072397657175,188
1574702072478444879,190
1574702072559383218,185
1574702072640301740,179
1574702072721219362,195
1574702072801992114,196
1574702072882857684,199
1574702072963735543,197
1574702073044520142,196
1574702073125278843,170
1574702073196039196,179
1574702073276979583,166
1574702073357797504,175
1574702073438640993,165
1574702073519385260,184
1574702073600282695,165
1574702073681117466,156
1574702073761701803,148
1574702073842529850,155
1574702073913268679,144
1574702073994094851,159
1574702074074899550,151
1574702074156127508,179
1574702074236992629,185
1574702074317639099,189
1574702074398518972,185
1574702074479357407,184
1574702074560220154,176
1574702074641078580,167
1574702074721749745,180
1574702074802578103,175
1574702074883462010,173
1574702074964476344,178
1574702075035358299,175
1574702075126338569,179
1574702075197157864,196
1574702075277959076,190
1574702075358836372,190
1574702075439707297,202
1574702075520579032,183
1574702075601398898,183
1574702075682150751,176
1574702075763081409,180
1574702075844006366,178
1574702075925143950,195
1574702075995801334,196
1574702076076632984,198
1574702076157522815,190
1574702076238332461,189
1574702076319321844,189
1574702076400205604,201
1574702076481084498,195
1574702076561926808,190
1574702076642795596,196
1574702076713518455,185
1574702076794296160,186
1574702076875127709,172
1574702076956075935,163
1574702077036920671,171
1574702077117748086,170
1574702077198644946,143
1574702077279400041,135
1574702077360288006,126
1574702077431115263,115
1574702077511926716,123
1574702077592673014,119
1574702077673390288,128
1574702077754246370,134
1574702077835179981,137
1574702077916093258,151
1574702077996927620,156
1574702078077807355,152
1574702078158682474,168
1574702078239501088,182
1574702078320385016,171
1574702078401254210,169
1574702078482200079,165
1574702078563069336,159
1574702078633718837,172
1574702078714583266,151
1574702078795516555,168
1574702078876271015,174
1574702078957203539,175
1574702079038034579,178
1574702079118872965,161
1574702079199718787,171
1574702079280614949,167
1574702079361422043,165
1574702079442283843,186
1574702079512982961,204
1574702079593790999,209
1574702079674829169,200
1574702079755604160,203
1574702079836423239,180
1574702079917196022,178
1574702079998038162,177
1574702080078912119,176
1574702080159676949,158
1574702080240510669,171
1574702080321503043,162
1574702080402288329,172
1574702080473097590,175
1574702080554034480,183
1574702080634957113,197
1574702080715796247,204
1574702080796544351,198
1574702080877365126,202
1574702080958290215,199
1574702081039146631,220
1574702081119906144,222
1574702081200719771,232
1574702081281542068,237
1574702081362406502,244
1574702081443235263,261
1574702081524127090,274
1574702081604983510,279
1574702081685949302,284
1574702081756601511,265
1574702081837466756,273
1574702081918383039,250
1574702081999209720,283
1574702082080042843,297
1574702082160921810,284
1574702082241872367,294
1574702082322820816,305
1574702082403664914,282
1574702082484583378,265
1574702082555147638,257
1574702082636131725,249
1574702082716975868,236
1574702082797985634,226
1574702082878816867,230
1574702082959679940,230
1574702083040551050,221
1574702083121347547,233
1574702083202184358,232
1574702083283118146,249
1574702083363966271,273
1574702083444937574,288
1574702083525736840,295
1574702083606555522,308
1574702083687336922,312
1574702083758112790,313
1574702083838937887,320
1574702083919699552,321
1574702084000616807,321
1574702084081526687,324
1574702084162400247,320
1574702084243342216,323
1574702084324211301,337
1574702084405138156,342
1574702084486053311,354
1574702084566885176,361
1574702084647608405,368
1574702084728493825,379
1574702084809323619,383
1574702084890165753,388
1574702084960930229,382
1574702085041746560,378
1574702085122617549,369
1574702085203392756,387
1574702085284245586,396
1574702085365087562,392
1574702085446006505,387
1574702085526837253,384
1574702085607705266,401
1574702085688631846,428
1574702085769453948,430
1574702085850230918,465
1574702085931099978,487
1574702086012008354,512
1574702086092915188,511
1574702086163637079,510
1574702086244518821,512
1574702086325332604,507
1574702086406315735,504
1574702086487109875,506
1574702086567963435,512
1574702086648815286,505
1574702086729634246,520
1574702086810447247,518
1574702086891120576,511
1574702086971970287,516
1574702087042671865,514
1574702087133601951,518
1574702087204244211,513
1574702087285037692,524
1574702087365863692,519
1574702087446620797,524
1574702087527412429,525
1574702087608281120,523
1574702087689155159,521
1574702087770015914,531
1574702087850842567,521
1574702087931694394,535
1574702088012495424,531
1574702088093463120,529
1574702088174209157,532
1574702088245538704,528
1574702088326464096,531
1574702088407289364,526
1574702088488138610,529
1574702088569026626,524
1574702088649857176,538
1574702088730752625,533
1574702088811522845,537
1574702088892381131,537
1574702088973339399,536
1574702089054176275,528
1574702089135108867,529
1574702089215927893,536
1574702089296793070,527
1574702089367530303,527
1574702089448342302,532
1574702089529140427,533
1574702089610093522,541
1574702089690890825,524
1574702089771663739,520
1574702089852612554,524
1574702089923347106,511
1574702090014210581,520
1574702090095106832,526
1574702090175974008,522
1574702090246753934,529
1574702090327607218,528
1574702090408495976,535
1574702090489284798,535
1574702090570680500,528
1574702090651536700,535
1574702090732375703,530
1574702090813329807,524
1574702090894216084,524
1574702090964846402,513
1574702091045757989,525
1574702091126710226,532
1574702091207574654,525
1574702091288404506,513
1574702091369226486,521
1574702091449951097,518
1574702091530944378,511
1574702091611790470,507
1574702091692717137,511
1574702091773538643,511
1574702091844206677,511
1574702091925061760,504
1574702092005866679,506
1574702092086702189,503
1574702092167595517,505
1574702092248504055,508
1574702092329308155,503
1574702092410190701,501
1574702092490963600,505
1574702092571981120,500
1574702092652927579,498
1574702092723693275,498
1574702092804621981,505
1574702092885541435,502
1574702092966379423,498
1574702093047221128,503
1574702093128087827,496
1574702093208962102,501
1574702093289870566,500
1574702093370783751,492
1574702093451363804,494
1574702093532206796,494
1574702093602991497,492
1574702093693918221,482
1574702093764799277,480
1574702093845714615,480
1574702093926710542,481
1574702094007480028,477
1574702094088379405,482
1574702094169321201,472
1574702094250189908,476
1574702094331102949,474
1574702094401792877,467
1574702094482665341,463
1574702094563466138,467
1574702094644353668,462
1574702094725120677,455
1574702094806017455,457
1574702094886897767,458
1574702094967768356,460
1574702095048674027,448
1574702095129501497,453
1574702095210339344,444
1574702095291183464,454
1574702095361949616,452
1574702095442832827,455
1574702095523569887,460
1574702095604389912,459
1574702095685353354,459
1574702095766174729,453
1574702095847071081,453
1574702095927891504,461
1574702096008781004,461
1574702096089587720,456
1574702096160314858,457
1574702096241249652,454
1574702096322574269,461
1574702096403438779,464
1574702096484233699,456
1574702096565086038,459
1574702096645966942,457
1574702096726846194,464
1574702096807717094,467
1574702096888681152,466
1574702096969649903,459
1574702097040423265,460
1574702097121269890,461
1574702097202634849,466
1574702097283414691,462
1574702097364521335,467
1574702097445147428,466
1574702097525982171,473
1574702097606865722,475
1574702097687692092,481
1574702097768608787,475
1574702097849368829,485
1574702097930196841,470
1574702098000950422,474
1574702098081671654,484
1574702098162555618,489
1574702098243422132,485
1574702098324249525,482
1574702098405018467,480
1574702098485872819,486
1574702098566729088,487
1574702098647527289,487
1574702098728430283,485
1574702098809212004,492
1574702098890058712,494
1574702098970864380,493
1574702099051569733,498
1574702099122315518,490
1574702099203118569,499
1574702099283990462,500
1574702099364797564,492
1574702099445762075,500
1574702099526634435,496
1574702099607533413,501
1574702099688451097,512
1574702099769263894,509
1574702099849907331,512
1574702099930637578,509
1574702100011305673,515
1574702100092148438,511
1574702100162917603,502
1574702100253845297,514
1574702100324540757,505
1574702100405329864,502
1574702100486138469,502
1574702100567084081,506
1574702100647870559,504
1574702100728734702,507
1574702100809672446,502
1574702100890606919,493
1574702100972324922,492
1574702101053234114,495
1574702101123873908,504
1574702101204656571,502
1574702101285441349,502
1574702101366331041,508
1574702101447156346,497
1574702101527997817,503
1574702101608870554,501
1574702101689685879,500
1574702101770519223,507
1574702101851472405,499
1574702101932357119,503
1574702102013303004,506
1574702102084055879,500
1574702102164806270,500
1574702102245622156,500
1574702102326490503,492
1574702102407304041,490
1574702102488039102,496
1574702102569119289,492
1574702102649901181,479
1574702102720602066,487
1574702102811534590,491
1574702102882297219,485
1574702102963306685,485
1574702103043997569,480
1574702103124788831,480
1574702103205643428,487
1574702103286477506,491
1574702103367269511,496
1574702103448034568,494
1574702103519617657,496
1574702103610698314,493
1574702103681362003,497
1574702103762560359,492
1574702103843372107,500
1574702103924231154,497
1574702104005051895,494
1574702104085924169,499
1574702104166813507,495
1574702104247623309,490
1574702104328495629,484
1574702104409359344,485
1574702104480072212,491
1574702104560979119,498
1574702104641768490,502
1574702104722675251,501
1574702104803562287,504
1574702104884497278,500
1574702104965284750,502
1574702105046089913,503
1574702105126942142,519
1574702105207745910,520
1574702105288653861,513
1574702105369405507,516
1574702105450288293,515
1574702105531209022,519
1574702105601991116,517
1574702105692964430,533
1574702105763731346,523
1574702105854835017,527
1574702105925562764,529
1574702106006510427,527
1574702106087442920,528
1574702106168354995,526
1574702106249226931,522
1574702106330107054,526
1574702106410882590,525
1574702106491817217,536
1574702106572686723,543
1574702106653591825,546
1574702106724378985,539
1574702106805277196,547
1574702106886140844,532
1574702106966978447,535
1574702107047810248,543
1574702107128722627,548
1574702107209561532,559
1574702107290414209,559
1574702107371228427,559
1574702107452101659,543
1574702107522822594,544
1574702107603671653,543
1574702107684456717,542
1574702107765189432,538
1574702107845974695,533
1574702107926801481,533
1574702108007647164,531
1574702108088481259,540
1574702108169355149,550
1574702108250363643,553
1574702108331262761,558
1574702108412015504,546
1574702108493024868,539
1574702108563760838,535
1574702108644546160,535
1574702108725423675,533
1574702108806240834,532
1574702108887109545,523
1574702108967968438,521
1574702109048811382,517
1574702109129666909,532
1574702109210548905,525
1574702109291245034,509
1574702109362026557,486
1574702109442877744,470
1574702109523867115,492
1574702109604772826,478
1574702109685610902,476
1574702109766515110,483
1574702109847323245,474
1574702109928138644,473
1574702109998976008,472
1574702110079872611,474
1574702110160783793,483
1574702110241743272,477
1574702110322539460,476
1574702110403431634,485
1574702110484323497,482
1574702110565229003,487
1574702110646037864,481
1574702110726937929,494
1574702110807736364,492
