%time,field.data
1574702319768075487,687
1574702319848867584,681
1574702319930067498,682
1574702320010835919,688
1574702320091602616,689
1574702320172397505,687
1574702320253272102,681
1574702320324156003,676
1574702320405017580,668
1574702320485804489,665
1574702320566678085,663
1574702320647524709,662
1574702320728277117,664
1574702320809141814,666
1574702320890047053,668
1574702320970874394,675
1574702321051695313,680
1574702321132564909,680
1574702321203966033,680
1574702321285003475,682
1574702321365882245,677
1574702321446769020,680
1574702321527601735,683
1574702321608493874,678
1574702321689166237,677
1574702321769981190,675
1574702321850836744,670
1574702321931721830,677
1574702322012418127,670
1574702322093300752,673
1574702322164013043,670
1574702322245091339,676
1574702322325810991,679
1574702322407583776,676
1574702322488373192,671
1574702322569180951,656
1574702322650071300,647
1574702322730851742,652
1574702322811719966,641
1574702322892561768,651
1574702322973351865,642
1574702323044157686,649
1574702323124899640,639
1574702323205644138,646
1574702323286559227,640
1574702323367407741,645
1574702323448237675,632
1574702323529085116,641
1574702323610017657,649
1574702323690783456,660
1574702323771773922,665
1574702323852870932,674
1574702323923664824,666
1574702324004561087,660
1574702324085324736,670
1574702324166425988,663
1574702324247174893,653
1574702324328060588,654
1574702324408867429,643
1574702324489776155,647
1574702324570560352,644
1574702324641526573,642
1574702324722340918,641
1574702324803210361,646
1574702324883970062,656
1574702324965046737,660
1574702325045881861,653
1574702325126728498,655
1574702325207579539,649
1574702325288477138,646
1574702325369307429,645
1574702325450286261,647
1574702325531070059,647
1574702325611874779,646
1574702325692675358,642
1574702325773502450,639
1574702325844224187,631
1574702325925046250,625
1574702326005823729,627
1574702326086589653,633
1574702326167357834,624
1574702326248218261,624
1574702326329076351,626
1574702326409950543,630
1574702326490708365,631
1574702326571533602,629
1574702326652386648,641
1574702326723145639,637
1574702326804089540,630
1574702326894818041,637
1574702326965496697,628
1574702327046314942,632
1574702327127153214,625
1574702327208064561,636
1574702327288822807,630
1574702327369662348,633
1574702327450573662,631
1574702327531585205,632
1574702327602381691,631
1574702327683155018,633
1574702327764016231,643
1574702327845499900,636
1574702327926402731,631
1574702328007192106,638
1574702328088089829,633
1574702328168886207,628
1574702328249740941,629
1574702328330492355,624
1574702328401246513,624
1574702328482064542,626
1574702328562996629,616
1574702328643867320,624
1574702328724705725,622
1574702328805524175,626
1574702328886360770,631
1574702328967248978,630
1574702329048188479,628
1574702329129049910,629
1574702329209834555,624
1574702329290726599,627
1574702329361479985,625
1574702329452441450,627
1574702329523068856,628
1574702329603861138,625
1574702329684638502,622
1574702329765848189,627
1574702329846674146,628
1574702329927551500,631
1574702330008330434,629
1574702330089134042,633
1574702330159877003,635
1574702330250733578,635
1574702330321416139,628
1574702330402262087,626
1574702330483041057,625
1574702330564053011,633
1574702330644827189,625
1574702330725715593,629
1574702330806523590,629
1574702330887349757,636
1574702330968211622,634
1574702331049135296,636
1574702331119845946,629
1574702331200671497,638
1574702331281565170,629
1574702331362324617,633
1574702331443130859,631
1574702331523895151,635
1574702331604753225,644
1574702331685559662,639
1574702331766389064,635
1574702331847492043,647
1574702331928350643,642
1574702332009186098,641
1574702332089956579,640
1574702332170802884,645
1574702332241561660,645
1574702332322378945,647
1574702332403166887,644
1574702332484033129,645
1574702332565007527,641
1574702332645793558,647
1574702332726573103,639
1574702332807393365,639
1574702332878141590,636
1574702332968940571,642
1574702333039721759,637
1574702333120548858,641
1574702333201361537,640
1574702333282174325,642
1574702333362825763,635
1574702333443651954,631
1574702333524421335,626
1574702333605358347,624
1574702333686224898,631
1574702333767011033,630
1574702333847819224,621
1574702333928677120,630
1574702334009383735,619
1574702334080163192,621
1574702334160820790,618
1574702334241657208,631
1574702334322490628,629
1574702334403331581,629
1574702334484207114,628
1574702334565093785,628
1574702334645917401,621
1574702334726746329,625
1574702334807607177,624
1574702334878319978,628
1574702334959213334,623
1574702335040069081,624
1574702335120869085,620
1574702335201781424,621
1574702335282506926,617
1574702335363285818,618
1574702335444163684,610
1574702335524969537,608
1574702335605699809,604
1574702335686552130,609
1574702335767356221,602
1574702335848203721,598
1574702335929001014,598
1574702335999777191,598
1574702336080672363,589
1574702336161362277,592
1574702336242147864,588
1574702336322935844,592
1574702336403761614,593
1574702336484668775,597
1574702336565428827,588
1574702336646279295,594
1574702336727027600,590
1574702336807952455,582
1574702336878607427,571
1574702336959491582,567
1574702337040342219,554
1574702337121077422,555
1574702337201972080,550
1574702337282719232,553
1574702337363613509,548
1574702337444682493,551
1574702337525503229,548
1574702337606295634,551
1574702337687055838,552
1574702337757796416,550
1574702337838610670,553
1574702337919481282,549
1574702338000333985,552
1574702338081087297,547
1574702338161930772,551
1574702338242726105,560
1574702338323543189,562
1574702338404281384,563
1574702338484925772,565
1574702338565743990,574
1574702338646530814,575
1574702338727255990,587
1574702338808107236,583
1574702338878726808,591
1574702338959485043,585
1574702339040326851,600
1574702339121035201,599
1574702339201945269,591
1574702339282815890,605
1574702339363738230,612
1574702339444723250,609
1574702339525543905,615
1574702339606462855,611
1574702339687269537,603
1574702339768058431,605
1574702339848889685,615
1574702339919648724,609
1574702340000502712,613
1574702340081209095,610
1574702340162093854,611
1574702340242963436,610
1574702340323796191,606
1574702340404688928,607
1574702340485592821,611
1574702340566480101,613
1574702340647163884,610
1574702340717830213,617
1574702340808735771,619
1574702340879505106,620
1574702340970506353,631
1574702341041148183,621
1574702341121947606,631
1574702341202825540,624
1574702341283725370,626
1574702341364544727,626
1574702341445223440,631
1574702341526110785,634
1574702341606898628,641
1574702341687694794,646
1574702341768596610,643
1574702341849388992,639
1574702341930200954,639
1574702342000899248,638
1574702342081712679,637
1574702342162514367,638
1574702342243315805,634
1574702342324187829,635
1574702342404937481,637
1574702342485837089,639
1574702342566558882,640
1574702342647489929,638
1574702342718351992,641
1574702342799203230,633
1574702342880178524,634
1574702342960863452,635
1574702343041662741,637
1574702343122539871,628
1574702343203360848,634
1574702343284132122,624
1574702343364807872,626
1574702343445807748,624
1574702343526675376,634
1574702343607568026,632
1574702343688362835,627
1574702343769103381,632
1574702343839847326,633
1574702343920622844,634
1574702344001409645,634
1574702344082200571,638
1574702344163556093,636
1574702344244319199,642
1574702344325212159,641
1574702344405997543,644
1574702344486845077,645
1574702344567616066,650
1574702344648445051,654
1574702344729285877,655
1574702344810153346,651
1574702344880736644,647
1574702344961579189,651
1574702345042341539,642
1574702345123189910,650
1574702345203978607,641
1574702345284768911,632
1574702345365582139,629
1574702345446451795,634
1574702345527208829,621
1574702345608192869,624
1574702345678854151,616
1574702345759609759,622
1574702345840476637,626
1574702345921105127,614
1574702346001837850,616
1574702346082634163,617
1574702346163454607,612
1574702346244305443,623
1574702346324989388,608
1574702346405761338,628
1574702346486509543,611
1574702346557223450,613
1574702346637966810,600
1574702346718725148,601
1574702346799544036,578
1574702346880396149,570
1574702346961073762,547
1574702347041822478,544
1574702347122582499,530
1574702347203556959,542
1574702347274317796,520
1574702347365019960,518
1574702347435599632,517
1574702347516396641,512
1574702347597118339,492
1574702347677991940,485
1574702347758668140,479
1574702347839466187,475
1574702347920299820,469
1574702348000968803,469
1574702348081755287,448
1574702348152426180,427
1574702348233339233,397
1574702348314244840,387
1574702348395114670,371
1574702348475762646,357
1574702348556593721,354
1574702348637439120,365
1574702348708212825,359
1574702348788990087,355
1574702348869797110,346
1574702348950537903,342
1574702349031334092,339
1574702349112169554,311
1574702349193123121,303
1574702349274062913,291
1574702349344720754,285
1574702349425523080,275
1574702349506272173,252
1574702349587066524,256
1574702349667819670,265
1574702349748646293,290
1574702349829473371,297
1574702349910352527,305
1574702349991232240,294
1574702350072035127,298
1574702350152908485,289
1574702350233700754,282
1574702350304374287,274
1574702350385159264,262
1574702350465949090,256
1574702350546588935,240
1574702350627386892,234
1574702350708286963,228
1574702350789056942,225
1574702350869944617,225
1574702350950783691,219
1574702351031694744,216
1574702351102409125,226
1574702351183061324,224
1574702351263994236,216
1574702351344732767,216
1574702351425655836,216
1574702351506530316,213
1574702351587319350,214
1574702351668198075,220
1574702351749011827,220
1574702351830004845,229
1574702351910766052,231
1574702351991653185,244
1574702352072502067,246
1574702352143100113,255
1574702352224097407,260
1574702352304810813,256
1574702352385662056,254
1574702352466512157,244
1574702352547193971,236
1574702352628042746,229
1574702352708829767,228
1574702352789669205,240
1574702352870488655,234
1574702352951189565,240
1574702353031690943,262
1574702353112474499,272
1574702353193265109,281
1574702353274106166,276
1574702353344837300,284
1574702353425702823,284
1574702353506449048,286
1574702353587187842,278
1574702353668059141,280
1574702353748902055,275
1574702353829782928,268
1574702353910500726,276
1574702353991274225,268
1574702354072036296,266
1574702354152795749,282
1574702354233636456,282
1574702354304491289,277
1574702354385381228,287
1574702354466274772,277
1574702354546994260,264
1574702354627837982,272
1574702354708549461,287
1574702354789251622,293
1574702354870141666,300
1574702354951120259,287
1574702355031813874,282
1574702355112683717,284
1574702355193368797,282
1574702355264182979,276
1574702355344923311,292
1574702355425807626,288
1574702355506592785,299
1574702355587494402,326
1574702355668272769,322
1574702355749020022,319
1574702355829915383,320
1574702355910601711,306
1574702355991322413,318
1574702356072127888,316
1574702356152838314,313
1574702356233778870,295
1574702356314512117,290
1574702356385193582,281
1574702356465942457,292
1574702356546806748,281
1574702356627582491,281
1574702356708331615,278
1574702356789088164,280
1574702356869871305,267
1574702356950585415,281
1574702357031447135,269
1574702357112329974,278
1574702357193406724,279
1574702357274216711,276
1574702357344774256,275
1574702357425602302,258
1574702357506559619,262
1574702357587424733,271
1574702357668290787,281
1574702357749092564,280
1574702357830014743,264
1574702357910771554,272
1574702357991593943,272
1574702358072424942,280
1574702358153281124,267
1574702358223928235,275
1574702358304739201,260
1574702358385584510,284
1574702358466399693,279
1574702358547132468,289
1574702358628042556,283
1574702358708822365,291
1574702358789678229,289
1574702358870523312,288
1574702358951198733,293
1574702359021858093,280
1574702359112769791,305
1574702359193512959,295
1574702359264330893,297
1574702359355201057,296
1574702359425843531,324
1574702359506572702,352
1574702359587323548,397
1574702359678247325,412
1574702359748945338,424
1574702359829794937,438
1574702359910628499,474
1574702359991400898,496
1574702360082301874,528
1574702360163142005,537
1574702360233941118,549
1574702360324759396,570
1574702360395493075,581
1574702360476223098,595
1574702360556988743,594
1574702360637809200,593
1574702360719371500,575
1574702360800275673,574
1574702360880883133,567
1574702360962356560,565
1574702361043161174,564
1574702361124016940,563
1574702361204857212,568
1574702361275620238,571
1574702361356421425,574
1574702361437171057,580
1574702361518028087,578
1574702361598859802,577
1574702361679638924,573
1574702361760525614,574
1574702361841217269,573
1574702361922150366,578
1574702362002948957,580
1574702362083812638,591
1574702362164591550,602
1574702362245412967,606
1574702362326258810,607
1574702362397007783,616
1574702362477713984,613
1574702362558546768,628
1574702362639263804,624
1574702362720197772,624
1574702362800886610,628
1574702362881677133,631
1574702362962564699,632
1574702363043388421,632
1574702363124149164,631
1574702363204885641,635
1574702363276233041,625
1574702363367188854,631
1574702363437956007,628
1574702363518753913,634
1574702363599546581,629
1574702363680347423,631
1574702363761172333,632
1574702363841925757,632
1574702363922589042,630
1574702364003494685,633
1574702364074173608,632
1574702364154911119,635
1574702364235738790,633
1574702364316532235,635
1574702364397244561,633
1574702364478118880,636
1574702364558842025,632
1574702364639777244,628
1574702364720626672,625
1574702364801440206,627
1574702364882271379,634
1574702364963240838,639
1574702365044060849,640
1574702365124821116,641
1574702365195436844,647
1574702365276301867,652
1574702365367264731,649
1574702365438024889,645
1574702365518835989,633
1574702365599725320,644
1574702365680514912,638
1574702365761317564,648
1574702365842208797,654
1574702365922938313,659
1574702366003752795,654
1574702366084494877,658
1574702366155148454,653
1574702366245905426,660
1574702366316687752,653
1574702366397473816,654
1574702366478230782,654
1574702366558986785,658
1574702366639721809,655
1574702366720584059,661
1574702366801420893,650
1574702366882312250,655
1574702366963086244,651
1574702367043798629,655
1574702367124480995,654
1574702367205183614,656
1574702367275906110,649
1574702367356697698,651
1574702367437494715,655
1574702367528417551,660
1574702367599075769,660
1574702367679973991,660
1574702367760781811,657
1574702367841658031,654
1574702367922338055,649
1574702368003178283,659
1574702368084073534,657
1574702368154765892,658
1574702368235615241,660
1574702368316343930,657
1574702368397066854,652
1574702368477803914,655
1574702368558501430,642
1574702368639233950,647
1574702368720008501,647
1574702368800858925,643
1574702368881587734,642
1574702368962492187,642
1574702369033204128,638
1574702369124083959,643
1574702369204789407,637
1574702369275543759,640
1574702369356332743,642
1574702369437030514,645
1574702369517797617,643
1574702369598550821,651
1574702369679312083,649
1574702369760203275,651
1574702369840872854,648
1574702369921662198,645
1574702370002379935,643
1574702370083211833,652
1574702370164057839,646
1574702370234746076,654
1574702370315360258,653
1574702370396142776,652
1574702370476758378,646
1574702370557619802,645
1574702370638382800,642
1574702370719150825,645
1574702370799861611,645
1574702370881018445,642
1574702370961799785,645
1574702371042579812,644
1574702371123457860,634
1574702371204349869,643
1574702371274896648,641
1574702371355599274,641
1574702371436455439,638
1574702371517147705,643
1574702371597915633,645
1574702371678703463,643
1574702371759511737,641
1574702371840241728,646
1574702371920910607,641
1574702372001592859,639
1574702372082450647,643
1574702372163333798,632
1574702372233975401,633
1574702372324819743,634
1574702372395602853,633
1574702372476526953,643
1574702372557244445,632
1574702372638052482,648
1574702372718837852,648
1574702372799823182,648
1574702372880604887,640
1574702372961525575,642
1574702373042334633,641
1574702373123396872,649
1574702373194092169,644
1574702373274882626,650
1574702373355677680,643
1574702373436613717,642
1574702373517361061,634
1574702373598286072,637
1574702373679047344,635
1574702373760015114,634
1574702373840809570,633
1574702373921648166,631
1574702374002502111,631
1574702374083263747,627
1574702374164252057,628
1574702374234801307,636
1574702374315549413,627
1574702374396394134,632
1574702374477255728,628
1574702374558133223,638
1574702374638937117,631
1574702374719708056,637
1574702374800609626,633
1574702374881434616,631
1574702374962153034,633
1574702375043034068,634
1574702375123851120,635
1574702375194519777,638
1574702375275239531,640
1574702375366113655,640
1574702375436852654,634
1574702375517752171,631
1574702375598510031,627
1574702375689356615,624
1574702375760266453,623
1574702375841096169,627
1574702375921838097,622
1574702376002750562,625
1574702376083624165,627
1574702376164462722,635
1574702376245199565,634
1574702376316044716,637
1574702376396818513,631
1574702376477669548,633
1574702376558447375,632
1574702376639303544,638
1574702376720091292,636
1574702376800818493,641
1574702376881554020,636
1574702376962409943,641
1574702377032966322,643
1574702377123890406,647
1574702377194524611,647
1574702377275280463,647
1574702377356096904,645
1574702377436850564,653
1574702377517568166,650
1574702377598482984,655
1574702377679299202,655
1574702377760203843,659
1574702377840908272,662
1574702377921661835,661
1574702378002363386,657
1574702378072991103,662
1574702378153793636,657
1574702378234557919,661
1574702378315270168,661
1574702378396135817,660
1574702378476847984,661
1574702378557678314,656
1574702378638442438,658
1574702378719297639,658
1574702378800048392,656
1574702378881022889,662
1574702378961914788,667
1574702379042930474,663
1574702379113564288,664
1574702379204381657,654
1574702379275013886,658
1574702379355876642,662
1574702379436701498,649
1574702379517591138,661
1574702379598266732,656
1574702379679127097,665
1574702379759904684,662
1574702379840904333,661
1574702379921767176,658
1574702380002564036,655
1574702380083215912,649
1574702380153827231,657
1574702380244661751,649
1574702380315288619,651
1574702380396129004,649
1574702380476986919,653
1574702380557793548,650
1574702380638548340,658
1574702380719305427,658
1574702380800098812,660
1574702380880713769,654
1574702380961529998,652
1574702381042231380,655
1574702381123132543,656
1574702381193765509,654
1574702381274636053,656
1574702381355437993,654
1574702381436361980,659
1574702381517047973,657
1574702381597908917,655
1574702381678619027,652
1574702381759466669,650
1574702381840209271,645
1574702381921005396,650
1574702382001703612,647
1574702382082550569,650
1574702382153307951,645
1574702382234113029,645
1574702382314938144,648
1574702382395805812,652
1574702382476570276,645
1574702382557417970,648
1574702382638208243,644
1574702382719065757,643
1574702382799908413,638
1574702382880772204,641
1574702382961442389,644
1574702383032211872,634
1574702383112894208,644
1574702383193786190,645
1574702383274466634,642
1574702383355381662,642
1574702383436119338,642
1574702383516958470,640
1574702383597648195,647
1574702383678447685,648
1574702383759218213,648
1574702383840087335,651
1574702383920854546,648
1574702384001714549,653
1574702384082510057,648
1574702384153120777,654
1574702384234001529,650
1574702384324855296,650
1574702384395454956,650
1574702384476233118,650
1574702384556924982,649
1574702384637828003,647
1574702384718577814,645
1574702384799432045,654
1574702384880188022,650
1574702384961048265,653
1574702385041780787,655
1574702385122598615,658
1574702385193251144,651
1574702385284134591,653
1574702385354748394,649
1574702385435636956,656
1574702385516363335,654
1574702385597146896,651
1574702385677872437,649
1574702385758762017,652
1574702385839505608,646
1574702385920307291,648
1574702385990787875,643
1574702386081512963,647
1574702386152218443,647
1574702386243175384,655
1574702386313791380,654
1574702386394595996,654
1574702386475378420,656
1574702386556240514,658
1574702386636925881,659
1574702386717623376,657
1574702386798326098,661
1574702386879137637,663
1574702386959843444,664
1574702387040676696,662
1574702387121690078,662
1574702387192531158,665
1574702387273257384,660
1574702387354135421,660
1574702387434826404,663
1574702387515518937,671
1574702387596324470,668
1574702387676998793,667
1574702387757890380,660
1574702387838579446,660
1574702387919589450,657
1574702388000270499,661
1574702388080930516,663
1574702388161760191,667
1574702388242342353,667
1574702388312980045,671
1574702388393876194,670
1574702388474590827,671
1574702388555357796,668
1574702388636086324,673
1574702388716878512,665
1574702388797575920,664
1574702388878314241,658
1574702388959009508,661
1574702389039842196,666
1574702389120659357,671
1574702389201273949,672
1574702389281984029,666
1574702389362834581,672
1574702389433511585,674
1574702389514272664,673
1574702389595006385,671
1574702389675720781,676
1574702389756473997,672
1574702389837169090,675
1574702389918017842,679
1574702389998842748,671
1574702390079672945,674
1574702390160644732,673
1574702390241323131,676
1574702390312045375,675
1574702390392729851,678
1574702390473524789,669
1574702390554361854,674
1574702390634976867,675
1574702390725867225,681
1574702390796575157,680
1574702390877209613,683
1574702390958161691,676
1574702391038886270,679
1574702391119772051,676
1574702391200442435,684
1574702391281359241,682
1574702391362123125,679
1574702391442855638,684
1574702391523703746,682
1574702391594412436,689
1574702391675150780,691
1574702391755964734,691
1574702391836754931,689
1574702391917554583,690
1574702391998291487,693
1574702392078920096,692
1574702392159609921,690
1574702392240412987,685
1574702392321220139,688
1574702392391928588,689
1574702392472648550,689
1574702392553371926,686
1574702392634021583,684
1574702392714742271,678
1574702392795399346,674
1574702392876300884,678
1574702392957086761,681
1574702393037969939,681
1574702393118636845,678
1574702393199559366,678
1574702393280416391,678
1574702393361163496,677
1574702393441870857,674
1574702393512506214,676
1574702393593214462,673
1574702393673804550,675
1574702393754512987,673
1574702393835251866,670
1574702393916103823,672
1574702393996882450,671
1574702394077626974,673
1574702394158310324,668
1574702394238981391,670
1574702394319781235,671
1574702394400537190,661
1574702394471054904,664
1574702394561927916,659
1574702394632430106,658
1574702394713159000,667
1574702394793954373,662
1574702394874663291,664
1574702394955443207,665
1574702395036131544,669
1574702395116831381,668
1574702395197589563,674
1574702395278323678,661
1574702395358921971,668
1574702395439632945,669
1574702395520343319,675
1574702395601115713,674
1574702395671745906,675
1574702395762484603,676
1574702395833070081,680
1574702395914051978,686
1574702395994663775,680
1574702396075544305,682
1574702396156290254,681
1574702396237158876,688
1574702396317925646,686
1574702396398588584,688
1574702396479346674,685
1574702396560122627,681
1574702396640859828,686
1574702396711511376,687
1574702396802335290,690
1574702396872935397,685
1574702396953744116,687
1574702397034664523,694
1574702397115450827,690
1574702397196190559,688
1574702397276872549,690
1574702397357685900,692
1574702397438353532,695
1574702397519160771,694
1574702397599766890,693
1574702397680458972,690
1574702397761168333,685
1574702397831715950,688
1574702397922433461,692
1574702397993056489,677
1574702398073787085,681
1574702398154583802,674
1574702398235489543,683
1574702398316168840,683
1574702398396894484,681
1574702398477629746,682
1574702398558359598,690
1574702398639192873,691
1574702398719963558,688
1574702398790655185,693
1574702398881609490,694
1574702398962329747,696
1574702399032920978,693
1574702399113726221,700
1574702399194476615,695
1574702399275152050,700
1574702399355934347,701
1574702399436590392,697
1574702399517357782,697
1574702399598073534,692
1574702399678838235,696
1574702399759555642,695
1574702399840393637,700
1574702399921038843,693
1574702400001761083,692
1574702400072424249,691
1574702400163239945,691
1574702400233804730,690
1574702400314517755,690
1574702400395212854,689
1574702400476097239,689
1574702400556762699,696
1574702400637722199,693
1574702400718411826,681
1574702400799114291,683
1574702400869705285,670
1574702400950437252,673
1574702401031082471,672
1574702401121987009,673
1574702401192625225,676
1574702401273328979,676
1574702401354140362,672
1574702401434770634,662
1574702401515534301,664
1574702401596314645,669
1574702401677042095,669
1574702401757728394,682
1574702401838435511,673
1574702401919135665,675
1574702401989818744,675
1574702402080527796,674
1574702402151309346,677
1574702402231995185,678
1574702402312568641,686
1574702402393326936,684
1574702402474073368,686
1574702402554770701,682
1574702402635608569,685
1574702402716223438,685
1574702402796915981,684
1574702402877675754,686
1574702402958489178,683
1574702403039333769,684
1574702403120198251,679
1574702403200883061,680
1574702403271434549,679
1574702403352206417,680
1574702403432862188,682
1574702403513773640,682
1574702403594460093,684
1574702403675152527,680
1574702403755923833,680
1574702403836665126,678
1574702403917356236,674
1574702403998093668,673
1574702404068731928,676
1574702404159586827,676
1574702404240433405,674
1574702404310986015,673
1574702404391746628,671
1574702404482545394,669
1574702404553245060,667
1574702404633835190,672
1574702404714512335,669
1574702404795197434,671
1574702404876030571,671
1574702404956707299,666
1574702405037525596,668
1574702405118202956,667
1574702405198940093,670
1574702405279677277,666
1574702405360350886,667
1574702405440954076,668
1574702405521616624,666
1574702405602240213,669
1574702405673036295,666
1574702405753800480,672
1574702405834576137,668
1574702405915274265,671
1574702405995978820,670
1574702406076618061,673
1574702406157483372,669
1574702406238250050,674
1574702406318896884,676
1574702406389513715,679
1574702406470275740,677
1574702406550933562,674
1574702406631541601,675
1574702406712250050,672
1574702406792907660,670
1574702406873614959,669
1574702406954295830,665
1574702407035059272,667
1574702407115846502,668
1574702407196605639,675
1574702407277302899,669
1574702407358073139,676
1574702407438686524,676
1574702407519436753,676
1574702407590095881,675
1574702407670800478,676
1574702407751566812,675
1574702407832348118,674
1574702407913043494,675
1574702407993672411,673
1574702408074379406,671
1574702408155105372,673
1574702408235853835,675
1574702408316522735,679
1574702408397364864,673
1574702408477994040,676
1574702408558836017,678
1574702408639589776,678
1574702408720361763,677
1574702408790906863,677
1574702408871606498,676
1574702408952415569,679
1574702409033107773,678
1574702409113809041,684
1574702409194519437,680
1574702409275243263,683
1574702409355993707,677
1574702409436549335,681
1574702409517285139,684
1574702409597984521,684
1574702409668552914,684
1574702409759280903,685
1574702409839933837,687
1574702409910535967,685
1574702409991177078,685
1574702410071825553,685
1574702410152500292,683
1574702410233084903,681
1574702410313699316,681
1574702410394552409,678
1574702410475428013,680
1574702410556293045,685
1574702410636980858,681
1574702410717888804,686
1574702410798682804,677
1574702410879572275,680
1574702410950473034,679
1574702411031181440,675
1574702411111866175,676
1574702411192576475,672
1574702411273294504,674
1574702411354176152,672
1574702411434993398,679
1574702411515874942,671
1574702411596677888,676
1574702411677567220,674
1574702411758418246,673
1574702411839098574,677
1574702411909846381,672
1574702411990716079,673
1574702412071518481,672
1574702412152371567,677
1574702412233153294,673
1574702412313915824,678
1574702412394745286,676
1574702412475597935,677
1574702412556368799,674
1574702412637263895,675
1574702412718155293,677
1574702412798989989,679
1574702412879849717,676
1574702412960708615,677
1574702413031417700,680
1574702413112298599,685
1574702413193015972,679
1574702413273864896,676
1574702413354788599,680
1574702413435610914,689
1574702413516443543,696
1574702413597173722,703
1574702413678057598,697
1574702413758831830,698
1574702413829519301,689
1574702413920630602,688
1574702413991352773,687
1574702414072149870,690
1574702414152969193,692
1574702414234393465,693
1574702414315142311,682
1574702414396024009,683
1574702414476762723,690
1574702414557634740,694
1574702414638489357,696
1574702414709188097,696
1574702414790140200,694
1574702414870909628,689
1574702414951824248,684
1574702415032636148,688
1574702415113497821,684
1574702415194358164,695
1574702415275219639,694
1574702415356104407,694
1574702415436944780,700
1574702415517807481,701
1574702415598642555,692
1574702415669467615,696
1574702415760403520,694
1574702415830996145,695
1574702415911854157,695
1574702415992726639,694
1574702416073607984,697
1574702416154381626,693
1574702416235187819,695
1574702416316074869,695
1574702416396810031,689
1574702416477664477,697
1574702416558554803,695
1574702416639421630,700
1574702416720293602,698
1574702416801120341,702
1574702416871864988,706
1574702416952706086,698
1574702417033607196,702
1574702417114506292,702
1574702417195365482,699
1574702417276265005,698
1574702417357116668,699
1574702417437991779,701
1574702417508765704,697
1574702417589656908,700
1574702417670503674,695
1574702417751311045,697
1574702417832079871,703
1574702417912863723,696
1574702417993713759,691
1574702418074473509,695
1574702418155280221,693
1574702418236127895,692
1574702418316989604,694
1574702418397837878,697
1574702418478579194,696
1574702418559426210,701
1574702418640288891,697
1574702418721053406,700
1574702418801971443,699
1574702418872658987,701
1574702418953649131,692
1574702419034424449,696
1574702419115214407,693
1574702419196081789,693
1574702419276902165,694
1574702419357775734,689
1574702419438655773,688
1574702419509445401,695
1574702419590369908,693
1574702419671195639,696
1574702419752050930,690
1574702419832845131,687
1574702419913999848,686
1574702419994840772,689
1574702420075711164,689
1574702420156611438,691
1574702420237361900,693
1574702420318319673,689
1574702420399513426,690
1574702420470248704,687
1574702420551034606,685
1574702420631833626,689
1574702420712620935,689
1574702420793500194,691
1574702420874382591,689
1574702420955231411,684
1574702421035948849,685
1574702421116783180,687
1574702421197593995,687
1574702421278628330,683
1574702421349402982,682
1574702421430274184,682
1574702421511148044,684
1574702421592003836,682
1574702421672878417,688
1574702421753701325,686
1574702421834562383,686
1574702421915453644,685
1574702421996329946,689
1574702422077153982,688
1574702422158292999,689
1574702422239197725,691
1574702422309791684,690
1574702422390629441,688
1574702422471509653,685
1574702422552376224,694
1574702422633242871,694
1574702422714097526,694
1574702422795057448,687
1574702422875882056,694
1574702422956715737,683
1574702423037587444,690
1574702423118500577,687
1574702423199376861,685
1574702423270208894,685
1574702423351057758,684
1574702423432046482,680
1574702423512780047,674
1574702423593493166,671
1574702423674300662,668
1574702423755071220,670
1574702423835882541,667
1574702423916712305,673
1574702423987474924,676
1574702424068547004,668
1574702424149382544,672
1574702424230235265,672
1574702424311021202,665
1574702424391894402,665
1574702424472767872,662
1574702424553631023,663
1574702424634500207,666
1574702424715313422,663
1574702424796189735,668
1574702424877130545,662
1574702424958007787,666
1574702425038826801,667
1574702425119545365,669
1574702425190182631,666
1574702425270971755,668
1574702425351883060,669
1574702425432715290,664
1574702425513524547,661
1574702425594404346,664
1574702425675216345,659
1574702425756088793,667
1574702425836929874,665
1574702425917797829,670
1574702425988600492,662
1574702426079666545,670
1574702426150571695,666
1574702426231428652,668
1574702426312246212,659
1574702426393139661,665
1574702426473935186,665
1574702426554737306,667
1574702426635679050,662
1574702426716535818,664
1574702426797286215,665
1574702426878154395,661
1574702426948907873,659
1574702427029733891,664
1574702427110552284,663
1574702427191400517,666
1574702427272357950,668
1574702427353163923,665
1574702427434045638,666
1574702427514886130,665
1574702427585657969,664
1574702427666575180,667
1574702427757518336,670
1574702427828381567,671
1574702427909136977,668
1574702427989949009,668
1574702428070739665,664
1574702428151607228,667
1574702428232448431,668
1574702428313367757,670
1574702428394046689,658
1574702428474775109,668
1574702428555618606,667
1574702428636525953,668
1574702428707227271,668
1574702428788091161,663
1574702428868840091,668
1574702428949659039,659
1574702429030540804,661
1574702429111380755,665
1574702429192209765,664
1574702429272933949,670
1574702429353726539,667
1574702429434568948,673
1574702429515446445,666
1574702429596333959,667
1574702429677065116,671
1574702429747719125,671
1574702429828501605,672
1574702429919428937,676
1574702429990065913,669
1574702430070904202,674
1574702430151796629,674
1574702430232466658,674
1574702430313148413,673
1574702430394016481,673
1574702430474798855,675
1574702430555694823,677
1574702430626435017,673
1574702430707238956,676
1574702430788072973,677
1574702430868893321,673
1574702430949552116,662
1574702431030455235,662
1574702431111277539,665
1574702431192145828,667
1574702431272877629,664
1574702431353643414,665
1574702431434406862,661
1574702431515164182,667
1574702431596052544,665
1574702431676990353,664
1574702431747733832,659
1574702431828618101,666
1574702431909433760,662
1574702431990238712,666
1574702432071025797,667
1574702432151888876,668
1574702432232670117,661
1574702432313505680,664
1574702432394378139,659
1574702432475238727,661
1574702432556118281,660
1574702432626834384,662
1574702432707692102,654
1574702432788593471,662
1574702432869528491,663
1574702432950424591,662
1574702433031209020,656
1574702433112087200,650
1574702433192927408,644
1574702433273769320,651
1574702433354555757,640
1574702433435322144,642
1574702433506034461,645
1574702433586722621,646
1574702433667556674,639
1574702433748452672,637
1574702433829206391,628
1574702433910057325,631
1574702433990889954,638
1574702434071782850,640
1574702434152653172,634
1574702434233480182,632
1574702434314361702,632
1574702434385075965,629
1574702434465954152,626
1574702434546812714,629
1574702434627708131,626
1574702434708511862,617
1574702434789298945,611
1574702434870148865,608
1574702434950882513,605
1574702435031781906,607
1574702435112633908,611
1574702435193406491,609
1574702435274255959,616
1574702435344982810,621
1574702435425862663,614
1574702435506752802,615
1574702435587620211,614
1574702435668445207,616
1574702435749080742,629
1574702435829961599,624
1574702435910740754,630
1574702435991616821,625
1574702436072471881,620
1574702436153330042,613
1574702436224068705,609
1574702436315020334,621
1574702436385733603,615
1574702436466577707,616
1574702436547467881,610
1574702436628370825,616
1574702436709198632,611
1574702436789939700,617
1574702436870693933,603
1574702436951550665,614
1574702437032460184,604
1574702437113261534,615
1574702437194079831,604
1574702437264891498,600
1574702437345744780,599
1574702437426583038,595
1574702437507376371,587
1574702437588254377,589
1574702437669045364,591
1574702437749914662,591
1574702437830636285,595
1574702437911521178,598
1574702437992424052,595
1574702438073263442,592
1574702438154088124,597
1574702438224822167,591
1574702438305698910,589
1574702438386551905,591
1574702438467368191,583
1574702438548216901,590
1574702438629078431,596
1574702438709922991,587
1574702438790628245,576
1574702438861411908,565
1574702438942553379,564
1574702439023423821,564
1574702439104303762,541
1574702439185155477,551
1574702439266075119,542
1574702439346857738,539
1574702439427769409,534
1574702439508607793,535
1574702439579384169,535
1574702439670242356,545
1574702439751082704,540
1574702439821877017,531
1574702439902734261,525
1574702439983530523,527
1574702440064375046,527
1574702440145252023,528
1574702440226143897,549
1574702440306966186,554
1574702440387838069,566
1574702440468649698,578
1574702440549467741,578
1574702440630278409,579
1574702440711132302,580
1574702440791950980,591
1574702440862787005,579
1574702440943857802,579
1574702441024692559,572
1574702441105565268,579
1574702441186439344,563
1574702441267214330,565
1574702441348074115,504
1574702441418899586,447
1574702441499735621,473
1574702441581036587,512
1574702441661929922,537
1574702441742745750,562
1574702441823549186,569
1574702441904454474,579
1574702441985319385,594
1574702442066155269,611
1574702442146918325,630
1574702442227739749,645
1574702442308618089,650
1574702442389459411,654
1574702442470246725,664
1574702442551082542,677
1574702442631941425,688
1574702442712774878,686
1574702442793608686,693
1574702442874512169,690
1574702442955380008,692
1574702443036267902,686
1574702443106987152,678
1574702443187718462,671
1574702443268581289,672
1574702443349391700,679
1574702443430226405,689
1574702443511059051,687
1574702443591939447,688
1574702443672742301,698
1574702443753653537,703
1574702443834498837,686
1574702443915548333,700
1574702443996429303,700
1574702444067150267,699
1574702444148001713,700
1574702444229010779,701
1574702444309793388,698
1574702444390619773,700
1574702444471384610,705
1574702444552326045,708
1574702444633150125,711
1574702444713945216,721
1574702444794767416,710
1574702444875688789,710
1574702444956521576,708
1574702445027268799,704
1574702445108034332,704
1574702445188781232,701
1574702445269639982,698
1574702445350556108,687
1574702445431328900,697
1574702445512183088,697
1574702445593018226,690
1574702445673852739,688
1574702445744662230,695
1574702445825514465,684
1574702445906384093,681
1574702445987156167,679
1574702446067996566,674
1574702446148854982,671
1574702446229671444,671
1574702446310497729,670
1574702446391368704,671
1574702446472185201,672
1574702446552895945,674
1574702446633768020,671
1574702446714629510,667
1574702446795545078,669
1574702446876439221,655
1574702446947215723,646
1574702447028010847,638
1574702447108835922,636
1574702447189684414,629
1574702447270546211,631
1574702447351324549,630
1574702447432214860,624
1574702447513129916,621
1574702447583857111,619
1574702447664721588,621
1574702447745579991,623
1574702447826437699,632
1574702447907206226,630
1574702447988119722,641
1574702448068829652,643
1574702448149821959,648
1574702448230694484,645
1574702448311661417,646
1574702448392469693,641
1574702448473139123,652
1574702448543899728,650
1574702448624712918,653
1574702448705594536,647
1574702448786495323,649
1574702448867310385,649
1574702448948158223,649
1574702449029053011,655
1574702449109921543,668
1574702449190722716,639
1574702449271626087,607
1574702449342470394,586
1574702449423233565,560
1574702449504107881,556
1574702449584867543,550
1574702449665736439,558
1574702449746556340,543
1574702449827419956,560
1574702449908270897,556
1574702449989004041,554
1574702450069787293,574
1574702450150620257,604
1574702450221481324,597
1574702450302328491,583
1574702450383199693,578
1574702450464137616,577
1574702450544960438,588
1574702450625758976,588
1574702450706619650,591
1574702450787405064,595
1574702450868293278,602
1574702450948874441,602
1574702451029714858,607
1574702451100382577,620
1574702451181302021,614
1574702451262116697,620
1574702451342976228,624
1574702451423833440,616
1574702451504684147,621
1574702451585570770,613
1574702451666482748,608
1574702451747292482,610
1574702451828090797,612
1574702451908855744,614
1574702451989614115,609
1574702452070455476,617
1574702452151344722,616
1574702452232194151,633
1574702452312906143,638
1574702452393771243,623
1574702452474696172,631
1574702452545424656,636
1574702452626288198,622
1574702452707125028,594
1574702452788094236,528
1574702452858810748,512
1574702452939650722,529
1574702453020539391,523
1574702453101343838,518
1574702453182209948,504
1574702453262962706,504
1574702453343866774,508
1574702453424716203,514
1574702453505570652,517
1574702453586470611,519
1574702453657112748,518
1574702453737933108,511
1574702453818648183,506
1574702453899489177,513
1574702453980455033,526
1574702454061308465,523
1574702454142190868,527
1574702454222906775,514
1574702454303752560,506
1574702454384554122,514
1574702454465396713,514
1574702454546254312,528
1574702454627067807,532
1574702454707953870,544
1574702454788852919,549
1574702454859609379,540
1574702454940460424,544
1574702455021313570,546
1574702455102206621,550
1574702455183037453,560
1574702455263926261,550
1574702455344784185,556
1574702455425684502,554
1574702455506562861,561
1574702455587418044,557
1574702455668139362,565
1574702455749030045,567
1574702455819676157,554
1574702455900501852,560
1574702455981261186,569
1574702456062089933,567
1574702456142918208,581
1574702456223795379,570
1574702456304678130,577
1574702456385487316,573
1574702456466341031,568
1574702456547205732,564
1574702456628161658,570
1574702456698889894,568
1574702456779646474,564
1574702456860547742,569
1574702456941314547,572
1574702457022373684,575
1574702457106751588,576
1574702457187616346,568
1574702457268399556,572
1574702457349232954,575
1574702457430097502,580
1574702457500879438,568
1574702457581760142,582
1574702457662770362,586
1574702457743650550,591
1574702457824486869,581
1574702457905292257,579
1574702457986211850,578
1574702458067055052,576
1574702458147973951,580
1574702458228849046,583
1574702458309687769,574
1574702458390594612,570
1574702458471436527,570
1574702458542146022,573
1574702458622827660,573
1574702458703719362,578
1574702458784615238,576
1574702458865470069,572
1574702458946343780,577
1574702459027262449,565
1574702459108055916,563
1574702459188860344,570
1574702459259535674,560
1574702459340380459,562
1574702459421182386,559
1574702459502077026,573
1574702459582809659,573
1574702459663648967,579
1574702459744568642,580
1574702459825354422,580
1574702459906304409,574
1574702459987231319,579
1574702460068069263,576
1574702460148832688,576
1574702460229584832,579
1574702460310490789,580
1574702460381309424,584
1574702460462092585,579
1574702460542876334,575
1574702460623726770,576
1574702460704637246,587
1574702460785487153,578
1574702460866279052,582
1574702460947099717,584
1574702461027949830,575
1574702461098840581,577
1574702461189918310,579
1574702461260677243,596
1574702461341503055,584
1574702461422299972,587
1574702461503113351,587
1574702461583962229,598
1574702461664856033,598
1574702461745643716,599
1574702461826561302,592
1574702461907388548,596
1574702461988181035,604
1574702462068938242,598
1574702462139634414,597
1574702462230585644,597
1574702462301269206,595
1574702462392205295,592
1574702462472818616,589
1574702462543431325,583
1574702462624163174,585
1574702462704882225,588
1574702462785771011,588
1574702462866622316,594
1574702462947432956,596
1574702463028261329,614
1574702463109139598,604
1574702463189938575,614
1574702463270767189,597
1574702463351729280,612
1574702463422481889,606
1574702463503293769,594
1574702463584220083,589
1574702463665047338,595
1574702463745946874,589
1574702463826752046,591
1574702463907732417,578
1574702463988525736,569
1574702464059208270,573
1574702464139960945,569
1574702464220978739,562
1574702464302012709,560
1574702464382854908,554
1574702464463659436,565
1574702464544529469,565
1574702464625275158,569
1574702464706090275,548
1574702464786922265,545
1574702464867758126,543
1574702464948694565,538
1574702465019565330,544
1574702465100420541,554
1574702465181249800,551
1574702465262041500,553
1574702465342905315,551
1574702465423755470,547
1574702465504679795,543
1574702465585565233,545
1574702465666610149,554
1574702465747559057,557
1574702465818427117,557
1574702465909394587,557
1574702465980143576,563
1574702466060917290,569
1574702466141816764,565
1574702466222620718,576
1574702466303456574,572
1574702466384354375,581
1574702466465197923,579
1574702466546038938,583
1574702466626919481,565
1574702466707813679,566
1574702466778543691,570
1574702466859330515,575
1574702466940074532,559
1574702467020885104,566
1574702467101734140,566
1574702467182543114,568
1574702467263481443,575
1574702467344292303,594
1574702467425050934,588
1574702467505825720,592
1574702467586619472,594
1574702467667490513,605
1574702467748509048,607
1574702467829208757,614
1574702467910055802,604
1574702467990954028,605
1574702468061718455,598
1574702468142592251,600
1574702468223404113,590
1574702468304278827,594
1574702468385099983,590
1574702468465935206,584
1574702468546805704,588
1574702468627649225,594
1574702468708520956,587
1574702468789228487,603
1574702468870132617,601
1574702468951010304,600
1574702469031892188,593
1574702469112683043,595
1574702469183420791,597
1574702469264310198,595
1574702469345138928,595
1574702469425945980,606
1574702469506784706,606
1574702469587670764,610
1574702469668624802,611
1574702469749511081,605
1574702469820269022,605
1574702469901068436,600
1574702469981889788,599
1574702470062742419,608
1574702470143514300,610
1574702470224843493,616
1574702470305743543,615
1574702470386596501,623
1574702470467334116,615
1574702470548187377,615
1574702470628938278,607
1574702470709666556,603
1574702470790505490,606
1574702470871268757,603
1574702470942002329,598
1574702471022723616,605
1574702471103693507,593
1574702471184582692,598
1574702471265435280,603
1574702471346321642,599
1574702471427132055,605
1574702471507937456,600
1574702471588722280,603
1574702471669603772,604
1574702471740257629,598
1574702471821117586,596
1574702471901882447,610
1574702471982716596,601
1574702472063536342,596
1574702472144409876,599
1574702472225329058,595
1574702472306187040,611
1574702472387015779,611
1574702472467924574,617
1574702472548844850,615
1574702472629719267,619
1574702472710544618,619
1574702472781244399,624
1574702472862171395,616
1574702472942969542,623
1574702473024128568,613
1574702473105051729,621
1574702473185912826,609
1574702473266758769,610
1574702473347749812,613
1574702473428580939,623
1574702473509397193,627
1574702473590293080,631
1574702473660979702,628
1574702473741997738,627
1574702473822786302,626
1574702473903680155,629
1574702473984560323,631
1574702474065373973,630
1574702474146312879,633
1574702474227185252,629
1574702474308175716,632
1574702474389106325,636
1574702474469911035,634
1574702474550866178,626
1574702474621596952,623
1574702474702547172,632
1574702474783410266,620
1574702474864301800,624
1574702474945126093,623
1574702475026010285,624
1574702475106862441,624
1574702475187829947,620
1574702475268670738,622
1574702475349580865,631
1574702475430419080,637
1574702475511156114,635
1574702475581998083,634
1574702475662821704,628
1574702475743650388,629
1574702475824547594,631
1574702475905318325,620
1574702475986199866,618
1574702476067025566,621
1574702476147899319,625
1574702476218616969,613
1574702476309513846,610
1574702476380249338,607
1574702476461078291,613
1574702476541812309,612
1574702476622647528,608
1574702476703464291,606
1574702476784352807,610
1574702476865178340,612
1574702476946033411,607
1574702477026864945,597
1574702477107750879,600
1574702477178409739,596
1574702477259276932,601
1574702477340131883,597
1574702477420999621,604
1574702477501700027,601
1574702477582540869,606
1574702477663402027,605
1574702477744272944,607
1574702477825039061,606
1574702477905847274,607
1574702477986604401,600
1574702478067427072,619
1574702478148232893,624
1574702478229039750,622
1574702478299678882,628
1574702478390716451,636
1574702478461460093,634
1574702478542277758,634
1574702478623134608,636
1574702478704002154,636
1574702478784863894,635
1574702478865722097,632
1574702478946728965,633
1574702479027541091,629
1574702479098251503,625
1574702479189127977,623
1574702479259912967,623
1574702479340828898,618
1574702479421704924,614
1574702479502560482,615
1574702479583393637,616
1574702479664286948,621
1574702479745101656,611
1574702479825990879,613
1574702479906747564,616
1574702479987647877,614
1574702480068837431,613
1574702480139538943,611
1574702480220370509,613
1574702480301142497,615
1574702480382077547,614
1574702480462994160,621
1574702480543731915,605
1574702480624681330,616
1574702480705527119,622
1574702480786413990,621
1574702480867273758,616
1574702480948166417,615
1574702481018770144,618
1574702481099577953,615
1574702481180413845,615
1574702481261145926,619
1574702481342053081,619
1574702481422892225,613
1574702481503799485,608
1574702481584660176,617
1574702481665445683,615
1574702481746420574,621
1574702481827250905,615
1574702481908081463,618
1574702481978925664,613
1574702482059649947,613
1574702482140492957,606
1574702482221344247,611
1574702482302248169,606
1574702482383051059,613
1574702482463958139,607
1574702482544797820,606
1574702482625665846,611
1574702482706545557,612
1574702482777254287,605
1574702482858119791,608
1574702482938863835,607
1574702483019716691,605
1574702483100674465,596
1574702483181471286,592
1574702483262330741,584
1574702483343083844,585
1574702483423957352,586
1574702483504660380,598
1574702483585535968,603
1574702483666367791,604
1574702483747180868,607
1574702483828090732,608
1574702483898936689,607
1574702483979750548,611
1574702484060617031,612
1574702484141619991,615
1574702484222439917,618
1574702484303287615,618
1574702484384070125,618
1574702484464856601,628
1574702484545681771,632
1574702484626556695,631
1574702484707425689,623
1574702484788304927,626
1574702484858988106,626
1574702484939867755,628
1574702485020709837,623
1574702485101532613,631
1574702485182331783,631
1574702485263172366,627
1574702485344121869,626
1574702485424978956,622
1574702485505760467,625
1574702485586623311,627
1574702485657417515,619
1574702485738466321,629
1574702485819177789,631
1574702485900049367,624
1574702485980856747,616
1574702486061787085,617
1574702486142553139,614
1574702486223440358,613
1574702486304338329,613
1574702486385168823,614
1574702486465987514,617
1574702486546760217,620
1574702486627611715,617
1574702486698541569,620
1574702486779362484,617
1574702486860206374,617
1574702486951319948,617
1574702487022077118,633
1574702487102908798,630
1574702487183765668,634
1574702487264657869,630
1574702487345480199,629
1574702487426516490,620
1574702487507239464,612
1574702487588192310,622
1574702487658793156,620
1574702487739645547,616
1574702487820508998,617
1574702487901318164,616
1574702487982192524,623
1574702488063064045,629
1574702488143958620,631
1574702488224903304,637
1574702488305772567,630
1574702488386657627,632
1574702488467519886,636
1574702488538227925,642
1574702488619137794,642
1574702488700010049,651
1574702488780851273,654
1574702488861758218,654
1574702488942556837,658
1574702489023518394,657
1574702489104346423,641
1574702489185139400,652
1574702489266019814,639
1574702489346916046,646
1574702489427887406,643
1574702489498736296,638
1574702489579554241,639
1574702489660388837,641
1574702489741329861,643
1574702489822073662,637
1574702489903049431,638
1574702489983915877,638
1574702490064701620,640
1574702490145675830,641
1574702490226529528,640
1574702490297287218,638
1574702490378135579,643
1574702490458950201,644
1574702490549841192,647
1574702490620592167,644
1574702490701381353,645
1574702490782547464,642
1574702490863361269,651
1574702490944245999,644
1574702491025058172,640
1574702491105944812,641
1574702491186794752,644
1574702491257493124,638
1574702491338185853,643
1574702491429091876,643
1574702491499819884,651
1574702491580495282,640
1574702491661372683,636
1574702491742252997,623
1574702491823109775,629
1574702491903978299,625
1574702491984717483,629
1574702492065592699,625
1574702492146415845,626
1574702492217028903,630
1574702492297981313,629
1574702492388844217,633
1574702492459638562,642
1574702492540607634,627
1574702492621461994,629
1574702492702329584,626
1574702492783172103,638
1574702492864039449,622
1574702492944847270,624
1574702493025736738,616
1574702493106559629,627
1574702493177320443,624
1574702493258209247,628
1574702493338956276,628
1574702493419781795,633
1574702493500666412,627
1574702493581498716,616
1574702493662286137,606
1574702493743148801,621
1574702493824023040,617
1574702493904882020,638
1574702493985795602,627
1574702494066514343,642
1574702494137174887,640
1574702494218018752,646
1574702494298821357,640
1574702494379680015,640
1574702494460471958,637
1574702494541378054,639
1574702494623062737,641
1574702494703907355,638
1574702494784690561,636
1574702494865442679,625
1574702494936232005,620
1574702495016929259,635
1574702495097821341,632
1574702495178536699,630
1574702495259446743,630
1574702495340356819,626
1574702495421302269,621
1574702495502102344,632
1574702495582928358,627
1574702495663819966,637
1574702495744656720,614
1574702495825380465,630
1574702495906233746,629
1574702495987020947,639
1574702496057776746,640
1574702496138602408,640
1574702496219403709,639
1574702496300265853,649
1574702496381072913,648
1574702496461993482,641
1574702496542827567,644
1574702496623728028,648
1574702496704629393,642
1574702496785463394,651
1574702496856248494,648
1574702496937113777,646
1574702497017898855,633
1574702497098721101,637
1574702497179530548,635
1574702497260351034,644
1574702497341218376,630
1574702497422128550,636
1574702497503128310,639
1574702497584006155,633
1574702497664869686,636
1574702497745870356,639
1574702497816645146,635
1574702497897898712,633
1574702497978681626,632
1574702498059432102,634
1574702498140195386,628
1574702498221071670,623
1574702498301938410,628
1574702498382720686,622
1574702498463551908,623
1574702498544388360,630
1574702498625195731,623
1574702498706084909,626
1574702498776859986,629
1574702498857659566,632
1574702498938487280,625
1574702499019317579,629
1574702499100061494,620
1574702499180874741,627
1574702499261803192,630
1574702499342630565,629
1574702499423459426,633
1574702499504260570,643
1574702499585117967,642
1574702499666019193,642
1574702499746830313,650
1574702499817612596,649
1574702499898441071,637
1574702499979265186,643
1574702500060112730,647
1574702500140955638,643
1574702500221770990,638
1574702500302548727,637
1574702500383429427,635
1574702500464340476,650
1574702500535087481,648
1574702500626121985,652
1574702500696800294,647
1574702500777854312,649
1574702500858736517,652
1574702500939599382,652
1574702501020473523,648
1574702501101308128,652
1574702501182144231,644
1574702501262983282,648
1574702501343849807,647
1574702501424700006,649
1574702501505572407,645
1574702501586452603,650
1574702501657159054,648
1574702501738072968,643
1574702501818638984,642
1574702501899491915,648
1574702501980325311,643
1574702502061153988,649
1574702502142055341,647
1574702502222868146,646
1574702502303764502,648
1574702502384630477,648
1574702502455345650,646
1574702502536220934,647
1574702502617035941,637
1574702502697760065,641
1574702502778583083,642
1574702502859364366,642
1574702502940152239,635
1574702503020990109,642
1574702503101909403,643
1574702503182728475,641
1574702503263548422,637
1574702503344398794,645
1574702503425219574,645
1574702503506069498,654
1574702503586979167,650
1574702503657653370,654
1574702503738554993,652
1574702503819236530,658
1574702503900164400,650
1574702503981015769,660
1574702504061970228,644
1574702504142808118,644
1574702504223684921,646
1574702504304521375,653
1574702504375232542,645
1574702504456083373,646
1574702504536905320,645
1574702504617757331,643
1574702504698475949,647
1574702504779344394,652
1574702504860191146,650
1574702504941125235,649
1574702505021887518,652
1574702505102647811,657
1574702505183538745,659
1574702505264435692,659
1574702505345422122,653
1574702505426299808,661
1574702505497033080,659
1574702505577837361,663
1574702505658713961,662
1574702505739597702,658
1574702505820500883,658
1574702505901267190,659
1574702505982051774,655
1574702506063042923,661
1574702506143918764,652
1574702506224777150,655
1574702506295543104,650
1574702506376444608,660
1574702506457199437,649
1574702506538086388,652
1574702506618909892,648
1574702506699861827,648
1574702506780668269,646
1574702506861550622,640
1574702506942363377,640
1574702507023205652,646
1574702507103962020,641
1574702507184825398,645
1574702507265710275,636
1574702507336443001,651
1574702507417206317,639
1574702507497974420,636
1574702507578803785,640
1574702507659708637,631
1574702507740547715,625
1574702507821348353,635
1574702507902201992,636
1574702507983066455,629
1574702508063911694,625
1574702508134718980,625
1574702508215559186,626
1574702508296448677,629
1574702508377325392,616
1574702508458150081,621
1574702508538940036,629
1574702508619832027,629
1574702508700666182,633
1574702508781507360,626
1574702508862399537,623
1574702508943102098,618
1574702509023949228,620
1574702509104808369,622
1574702509175558576,619
1574702509256414530,623
1574702509337283270,617
1574702509418228147,621
1574702509499042139,624
1574702509579878625,624
1574702509660692780,623
1574702509741611758,628
1574702509822486111,623
1574702509903365591,631
1574702509974150871,627
1574702510055284658,627
1574702510136179817,630
1574702510217050200,630
1574702510297983134,628
1574702510378872589,629
1574702510459692464,634
1574702510540595214,632
1574702510621515876,632
1574702510702320444,633
1574702510783237925,635
1574702510864093947,633
1574702510934793987,641
1574702511015641407,646
1574702511096501588,644
1574702511177343833,638
1574702511258277422,641
1574702511339075273,641
1574702511419924252,644
1574702511500795131,637
1574702511581565601,640
1574702511662448022,636
1574702511743250805,631
1574702511824147815,627
1574702511894857698,636
1574702511975722470,628
1574702512056650751,619
1574702512137465153,626
1574702512218489822,628
1574702512299336466,628
1574702512380254865,620
1574702512461050586,621
1574702512541916437,619
1574702512622778822,622
1574702512703717096,616
1574702512774541772,604
1574702512865514739,610
1574702512936272592,605
1574702513017135092,605
1574702513097934438,611
1574702513178818083,601
1574702513259615293,597
1574702513340518185,608
1574702513421397134,618
1574702513502279456,618
1574702513583226206,607
1574702513664076652,604
1574702513744881654,608
1574702513815693708,606
1574702513896529782,608
1574702513977411838,616
1574702514058231771,615
1574702514149307252,617
1574702514220044993,615
1574702514300869367,609
1574702514384315074,625
1574702514455123107,610
1574702514546163565,603
1574702514617056636,582
1574702514697859383,590
1574702514778742306,587
1574702514859474424,592
1574702514940401555,593
1574702515021252346,598
1574702515102084622,597
1574702515182948818,599
1574702515253678877,594
1574702515334802897,599
1574702515415700903,591
1574702515496607501,592
1574702515577500161,585
1574702515658388824,595
1574702515739248299,588
1574702515820104353,598
1574702515901031124,594
1574702515981876392,588
1574702516062778429,581
1574702516143724897,591
1574702516224544151,596
1574702516295311308,591
1574702516376194573,588
1574702516457042133,587
1574702516537828384,588
1574702516618653443,583
1574702516699511640,584
1574702516780340964,583
1574702516861305059,577
1574702516942088005,585
1574702517012877987,577
1574702517093717444,587
1574702517174586663,574
1574702517255492997,586
1574702517336254983,575
1574702517417143793,590
1574702517498027045,582
1574702517578998702,588
1574702517659988677,580
1574702517740848231,579
1574702517811635259,584
1574702517902546750,581
1574702517973294064,581
1574702518054079712,582
1574702518134924184,584
1574702518215769393,587
1574702518296643326,576
1574702518377561691,578
1574702518458586985,571
1574702518539491277,569
1574702518620332279,567
1574702518691190095,572
1574702518771963186,571
1574702518852822884,565
1574702518933639504,571
1574702519014483823,579
1574702519095381807,573
1574702519176235248,569
1574702519257138008,562
1574702519337907905,559
1574702519418771095,574
1574702519499715647,568
1574702519580579116,563
1574702519661360290,562
1574702519742137051,564
1574702519812865521,574
1574702519893670113,577
1574702519974470466,583
1574702520055187407,588
1574702520136048461,589
1574702520216868872,581
1574702520298040071,575
1574702520378934034,573
1574702520459685866,579
1574702520540597024,573
1574702520621558624,579
1574702520702411542,582
1574702520783304182,577
1574702520854002358,578
1574702520934850762,571
1574702521015618028,579
1574702521096423791,584
1574702521177289164,576
1574702521258120071,579
1574702521338891318,568
1574702521419771519,570
1574702521500899090,569
1574702521581713972,577
1574702521652509249,571
1574702521733375881,572
1574702521824339486,570
1574702521895105961,568
1574702521975906689,571
1574702522056772413,565
1574702522137740013,566
1574702522218574363,559
1574702522299421241,562
1574702522380358124,563
1574702522450969269,565
1574702522541924254,560
1574702522612705356,566
1574702522693639003,554
1574702522774530305,546
1574702522855449860,554
1574702522936273231,543
1574702523017207375,550
1574702523088347828,548
1574702523179236569,548
1574702523249923003,556
1574702523330860599,556
1574702523411697071,560
1574702523492550539,559
1574702523573469378,560
1574702523654286563,554
1574702523735171210,559
1574702523815995683,552
1574702523896855628,554
1574702523977683058,550
1574702524058523912,544
1574702524139370524,540
1574702524220139751,536
1574702524290967460,529
1574702524371679889,532
1574702524452519533,537
1574702524533409296,544
1574702524614190809,544
1574702524695094795,536
1574702524775901243,528
1574702524856804658,518
1574702524937542578,520
1574702525008284632,525
1574702525099186044,523
1574702525169926148,532
1574702525260820528,542
1574702525331635783,538
1574702525412423081,538
1574702525493266687,538
1574702525574043531,552
1574702525654896479,541
1574702525735778507,535
1574702525816627516,534
1574702525897417180,528
1574702525978269824,532
1574702526059044810,533
1574702526129885260,544
1574702526210725396,546
1574702526291533679,535
1574702526382395757,541
1574702526453161133,535
1574702526533978290,532
1574702526614822991,529
1574702526695690627,524
1574702526776560251,524
1574702526857298044,529
1574702526938208783,526
1574702527019067455,518
1574702527089792477,517
1574702527170653452,518
1574702527251472652,511
1574702527332295761,524
1574702527413104694,524
1574702527493945915,533
1574702527574832831,538
1574702527655743543,551
1574702527736622101,556
1574702527817334788,564
1574702527898173416,557
1574702527979028735,556
1574702528059831096,565
1574702528140730319,572
1574702528211391828,569
1574702528292233474,577
1574702528373096750,554
1574702528453980850,552
1574702528535667371,553
1574702528616517591,555
1574702528697528913,555
1574702528778346763,554
1574702528859191727,537
1574702528929891047,551
1574702529010833398,541
1574702529091690122,539
1574702529172497282,550
1574702529253396741,546
1574702529334206236,539
1574702529415115248,538
1574702529495947870,550
1574702529576805885,548
1574702529647555101,539
1574702529738447414,536
1574702529809091033,526
1574702529889914295,543
1574702529970642943,541
1574702530051550818,543
1574702530132325241,549
1574702530213157110,556
1574702530294033696,561
1574702530374905978,549
1574702530455707174,548
1574702530536636354,545
1574702530617502829,548
1574702530698238244,522
1574702530768997696,527
1574702530849867451,516
1574702530930759734,512
1574702531011549754,513
1574702531092326582,516
1574702531173209377,514
1574702531254019469,520
1574702531334865041,513
1574702531415725014,521
1574702531496534496,496
1574702531577385801,510
1574702531648232775,511
1574702531729059949,500
1574702531809794104,508
1574702531890569894,499
1574702531971372636,505
1574702532052154850,493
1574702532133095189,505
1574702532213942650,498
1574702532294842458,501
1574702532375701514,504
1574702532456726117,494
1574702532527448279,492
1574702532608208754,483
1574702532689016222,490
1574702532769781854,479
1574702532850616101,474
1574702532931349883,477
1574702533012078499,464
1574702533092891291,476
1574702533173769082,472
1574702533254595904,483
1574702533335402623,470
1574702533416114829,481
1574702533486977173,466
1574702533567698708,471
1574702533648588616,471
1574702533729417385,465
1574702533810227154,460
1574702533891191592,466
1574702533972124942,454
1574702534052973657,453
1574702534133808740,460
1574702534214696687,457
1574702534285472394,450
1574702534376382872,458
1574702534447147268,450
1574702534528035044,442
1574702534608915772,452
1574702534689768448,438
1574702534770577507,436
1574702534851466108,429
1574702534932249407,427
1574702535013154420,419
1574702535094033239,417
1574702535164851938,403
1574702535245738385,386
1574702535326588574,380
1574702535407455345,367
1574702535488696020,342
1574702535569744195,321
1574702535640371301,305
1574702535721301570,283
1574702535802163683,276
1574702535883033377,257
1574702535963832183,260
1574702536044748723,281
1574702536125651671,268
1574702536206567878,273
1574702536287680167,275
1574702536358392625,275
1574702536449272927,284
1574702536519971324,303
1574702536611050835,301
1574702536681792918,282
1574702536762583141,292
1574702536843459406,291
1574702536924335246,290
1574702537005260047,277
1574702537086055070,279
1574702537166982538,284
1574702537247809001,285
1574702537328672888,277
1574702537399487791,290
1574702537480283272,284
1574702537571225436,278
1574702537641811913,287
1574702537722569320,276
1574702537803492622,260
1574702537884321686,252
1574702537965109946,244
1574702538045943154,250
1574702538116705119,247
1574702538207569336,260
1574702538288420205,245
1574702538359209366,246
1574702538440173821,223
1574702538521048230,242
1574702538601874837,220
1574702538682741320,223
1574702538763483874,231
1574702538844277998,247
1574702538925168268,242
1574702539005972340,252
1574702539086834945,250
1574702539167617180,271
1574702539238355578,257
1574702539319167556,263
1574702539400055040,268
1574702539480868293,296
1574702539561675939,295
1574702539642390093,284
1574702539723282984,280
1574702539804146166,258
1574702539885015029,235
1574702539965904675,217
1574702540036636243,200
1574702540127542719,209
1574702540198279258,228
1574702540279186264,233
1574702540360059397,240
1574702540440903321,233
1574702540521808366,214
1574702540602675279,219
1574702540683549416,199
1574702540764392018,198
1574702540835136841,200
1574702540916163142,196
1574702540997043036,199
1574702541077854344,197
1574702541158765218,199
1574702541239697308,206
1574702541320504079,208
1574702541401371284,207
1574702541482224216,188
1574702541563116132,185
1574702541643952081,150
1574702541724836883,150
1574702541795593707,134
1574702541876419239,154
1574702541957246822,143
1574702542038168712,153
1574702542119050490,134
1574702542199919839,135
1574702542280850943,142
1574702542361693060,144
1574702542442495477,153
1574702542523410734,157
1574702542594132155,160
1574702542674991949,154
1574702542755878100,155
1574702542836730309,172
1574702542917551392,185
1574702542998441571,179
1574702543079106818,186
1574702543159930172,189
1574702543240687989,188
1574702543321592441,194
1574702543402504938,235
1574702543483397058,273
1574702543564229032,260
1574702543645133338,240
1574702543726009591,266
1574702543806884965,288
1574702543887889180,290
1574702543968792849,309
1574702544039557161,297
1574702544120602407,291
1574702544201436246,294
1574702544282257818,305
1574702544363221746,303
1574702544444103121,307
1574702544524996350,289
1574702544605800452,278
1574702544686638947,261
1574702544767422736,246
1574702544838166438,229
1574702544929124005,252
1574702544999903216,262
1574702545080690220,284
1574702545161397517,271
1574702545242169878,270
1574702545323069852,257
1574702545403855093,263
1574702545484776247,259
1574702545565640331,262
1574702545646446550,243
1574702545727142875,248
1574702545797859253,241
1574702545888855007,240
1574702545959760653,274
1574702546040694030,307
1574702546121547586,336
1574702546202344148,345
1574702546283745237,350
1574702546364634871,333
1574702546445531598,331
1574702546526412181,336
1574702546607167237,323
1574702546687989228,327
1574702546768800490,345
1574702546839615490,335
1574702546920318612,326
1574702547001202077,319
1574702547081972971,326
1574702547162810436,328
1574702547243798164,332
1574702547324677362,348
1574702547405557011,345
1574702547486523152,354
1574702547567158995,352
1574702547648087120,361
1574702547728925367,358
1574702547804844824,371
1574702547885688526,364
1574702547966507721,374
1574702548047405452,369
1574702548128227837,373
1574702548209010901,374
1574702548289936976,383
1574702548371030076,380
1574702548451882673,388
1574702548522666108,381
1574702548603482944,378
1574702548684364807,387
1574702548765251944,404
1574702548846133047,405
1574702548926962443,418
1574702549007871726,416
1574702549092510271,428
1574702549173368667,432
1574702549254214351,451
1574702549324884570,448
1574702549405826733,455
1574702549486561413,460
1574702549575075924,469
1574702549645786766,469
1574702549736655736,480
1574702549807373666,496
1574702549888179575,501
1574702549969124150,505
1574702550049958400,529
1574702550130913944,535
1574702550211725445,557
1574702550292601579,566
1574702550373408794,577
1574702550454270684,577
1574702550535109481,590
1574702550616222248,588
1574702550697066832,590
1574702550777881751,589
1574702550858622330,596
1574702550929396932,594
1574702551010302063,604
1574702551091107222,596
1574702551171922544,599
1574702551252748794,598
1574702551333631860,595
1574702551414454068,593
1574702551495332995,596
1574702551576128502,590
1574702551657053897,594
1574702551737831770,589
1574702551808571457,599
1574702551889425500,600
1574702551970220616,605
1574702552050985904,595
1574702552131726726,598
1574702552212537343,597
1574702552293439470,603
1574702552374283342,600
1574702552455003106,605
1574702552535943913,601
1574702552616872970,603
1574702552687623582,603
1574702552778455024,603
1574702552849172756,596
1574702552930011119,592
1574702553011095054,595
1574702553091960809,603
1574702553172897738,602
1574702553253660493,603
1574702553334365237,598
1574702553415137305,602
1574702553495884912,600
1574702553576626522,601
1574702553647493255,602
1574702553728303101,606
1574702553808935786,595
1574702553890033318,598
1574702553970832810,597
1574702554051655203,606
1574702554132870998,594
1574702554213728087,599
1574702554294644352,592
1574702554375526546,590
1574702554456236966,585
1574702554537052876,599
1574702554607751932,593
1574702554698673358,586
1574702554769260819,598
1574702554849917101,592
1574702554930785383,594
1574702555011479885,597
1574702555092325884,588
1574702555172968686,596
1574702555253761641,594
1574702555334545614,593
1574702555415316409,591
1574702555496208458,597
1574702555577112191,589
1574702555647789593,585
1574702555738735686,589
1574702555810021468,594
1574702555890884812,589
1574702555971727737,589
1574702556052613951,586
1574702556133482783,595
1574702556214384560,588
1574702556295260781,596
1574702556376109200,590
1574702556456962770,587
1574702556527777912,588
1574702556608611960,585
1574702556689404022,578
1574702556770424588,587
1574702556851267773,579
1574702556932115982,582
1574702557012963379,582
1574702557093723900,582
1574702557174622934,573
1574702557255559869,593
1574702557336331269,577
1574702557417213144,581
1574702557487992708,573
1574702557568870341,583
1574702557649941113,572
1574702557730837018,578
1574702557811611212,576
1574702557892488636,589
1574702557973363266,578
1574702558054199359,585
1574702558135058384,579
1574702558216025963,579
1574702558286750735,586
1574702558367553033,589
1574702558448380366,584
1574702558529249411,590
1574702558610193143,588
1574702558691090194,592
1574702558771939541,582
1574702558852848439,585
1574702558933482227,589
1574702559014280538,583
1574702559095173367,578
1574702559176046338,585
1574702559257009430,580
1574702559327714175,578
1574702559408558781,580
1574702559489714963,578
1574702559570487905,577
1574702559651272878,582
1574702559732097114,568
1574702559812987971,576
1574702559894028560,573
1574702559974867630,574
1574702560055846677,571
1574702560131261901,575
1574702560212193202,571
1574702560292993603,586
1574702560373874360,581
1574702560444696101,586
1574702560535609549,583
1574702560616451712,583
1574702560687213738,568
1574702560768091823,571
1574702560848984554,559
1574702560929899053,568
1574702561010721613,565
1574702561091528402,568
1574702561172407306,560
1574702561253305572,570
1574702561334182719,563
1574702561415071371,564
1574702561495943226,562
1574702561566759856,558
1574702561647606802,562
1574702561728461083,569
1574702561813142303,567
1574702561893993890,576
1574702561974983190,568
1574702562045706797,578
1574702562126458776,566
1574702562207294951,575
1574702562288167434,563
1574702562368976639,573
1574702562449866430,566
1574702562530747732,559
1574702562611503402,565
1574702562692997611,565
1574702562773909542,565
1574702562854799903,562
1574702562925501686,565
1574702563006524416,566
1574702563087301290,556
1574702563168180716,563
1574702563248993785,563
1574702563329748944,563
1574702563410615850,556
1574702563491403715,569
1574702563572285857,569
1574702563652955840,581
1574702563733831410,578
1574702563814709987,581
1574702563895751015,578
1574702563976713027,580
1574702564057514160,581
1574702564128273529,579
1574702564209028974,568
1574702564289880688,566
1574702564370761164,557
1574702564451573586,565
1574702564532448578,563
1574702564613391719,564
1574702564694240443,567
1574702564764966723,573
1574702564855931878,572
1574702564926750335,580
1574702565007587335,571
1574702565088592070,577
1574702565169419173,573
1574702565250294270,577
1574702565331078246,576
1574702565411898256,574
1574702565492776393,574
1574702565573686883,587
1574702565654596457,572
1574702565735353784,579
1574702565806087923,572
1574702565886964984,576
1574702565967850151,577
1574702566048706044,579
1574702566129598606,576
1574702566210465783,576
1574702566291217056,581
1574702566372095199,593
1574702566452946330,582
1574702566533835782,583
1574702566616065590,580
1574702566696960099,587
1574702566767724973,581
1574702566848609468,581
1574702566929685638,573
1574702567010501520,573
1574702567091275628,570
1574702567172178585,581
1574702567252957434,581
1574702567333793734,594
1574702567414662795,596
1574702567495475932,592
1574702567576322557,589
1574702567657173655,593
1574702567727961665,593
1574702567808825282,589
1574702567889552113,584
1574702567970348654,589
1574702568051149385,573
1574702568132071760,583
1574702568212899629,577
1574702568293741736,577
1574702568374639141,574
1574702568455523029,583
1574702568526207601,575
1574702568617205965,580
1574702568687949749,580
1574702568768799635,581
1574702568849718456,571
1574702568930522872,575
1574702569011352655,576
1574702569092221791,573
1574702569173115163,568
1574702569243865186,570
1574702569324701700,570
1574702569415644688,586
1574702569496462705,583
1574702569567106463,589
1574702569647951004,593
1574702569728889813,603
1574702569809713399,607
1574702569890565125,609
1574702569971248068,594
1574702570052139284,594
1574702570133011489,593
1574702570213843153,602
1574702570294722419,601
1574702570375573261,610
1574702570456393896,619
1574702570529396201,628
1574702570610225578,631
1574702570690971557,643
1574702570771841591,651
1574702570852791421,645
1574702570933564882,627
1574702571014408780,630
1574702571095223020,630
1574702571176117580,643
1574702571256914428,635
1574702571337740982,641
1574702571418620416,636
1574702571499421391,650
1574702571570160707,648
1574702571650974749,644
1574702571731766256,645
1574702571812673998,639
1574702571893493871,622
1574702571974398636,620
1574702572055153435,620
1574702572136214799,621
1574702572209333219,620
1574702572290220890,633
1574702572371044976,623
1574702572451930360,640
1574702572532845530,635
1574702572613643634,623
1574702572694609800,613
1574702572775596414,620
1574702572856601176,614
1574702572927401523,613
1574702573008596128,619
1574702573089384791,616
1574702573170298103,619
1574702573253853918,617
1574702573334646003,617
1574702573415500746,615
1574702573496332479,607
1574702573567089008,615
1574702573647871618,616
1574702573726291227,620
1574702573807125153,611
1574702573887753814,611
1574702573968582731,616
1574702574049457294,616
