%time,field.data
1574701854124339506,605
1574701854225435695,614
1574701854285963451,617
1574701854366636657,627
1574701854447490495,639
1574701854548589251,647
1574701854609129027,667
1574701854710137195,597
1574701854770586355,566
1574701854851450423,574
1574701854932263181,582
1574701854992951930,593
1574701855094049870,606
1574701855154596940,598
1574701855245583197,620
1574701855326385599,606
1574701855407185008,606
1574701855487932586,619
1574701855568838929,601
1574701855649616702,601
1574701855730326111,608
1574701855810920760,600
1574701855901758743,586
1574701855972302355,575
1574701856053190542,581
1574701856133947674,586
1574701856214793802,604
1574701856295574597,613
1574701856376417767,620
1574701856457112470,620
1574701856527796607,584
1574701856628894757,568
1574701856689427731,549
1574701856780390936,543
1574701856851021113,530
1574701856952153134,521
1574701857012660072,520
1574701857113487274,530
1574701857174087612,553
1574701857265172310,558
1574701857335751867,575
1574701857406423175,564
1574701857487109826,565
1574701857588021471,543
1574701857658751356,541
1574701857739591114,546
1574701857810233748,553
1574701857911141656,561
1574701857971570742,555
1574701858062461140,540
1574701858133078576,542
1574701858233883102,555
1574701858294423750,558
1574701858385305305,565
1574701858455950550,561
1574701858536584425,563
1574701858627464581,547
1574701858698032871,555
1574701858778833741,541
1574701858859637913,546
1574701858930200369,542
1574701859021229481,552
1574701859091800124,553
1574701859172604710,555
1574701859263450761,555
1574701859334085115,552
1574701859414905072,553
1574701859515919422,556
1574701859576481398,564
1574701859667448274,565
1574701859738155778,575
1574701859828993950,583
1574701859889546743,590
1574701859990605665,589
1574701860051107904,605
1574701860142092313,608
1574701860212686662,614
1574701860303601769,624
1574701860374224889,628
1574701860475093445,634
1574701860535601092,626
1574701860616272022,625
1574701860707049195,624
1574701860777652559,614
1574701860858414365,612
1574701860959346723,597
1574701861019880052,596
1574701861100685967,587
1574701861181545470,576
1574701861252280888,577
1574701861343142361,573
1574701861413824889,572
1574701861504772682,570
1574701861575376455,575
1574701861666179826,573
1574701861726783521,573
1574701861817542702,568
1574701861888466295,566
1574701861979374904,569
1574701862049972593,569
1574701862140772648,562
1574701862221530540,575
1574701862312386546,591
1574701862373006081,574
1574701862453705141,586
1574701862544710144,578
1574701862615350975,561
1574701862716211600,558
1574701862776782272,569
1574701862877796067,578
1574701862938376729,584
1574701863019146678,585
1574701863089892731,577
1574701863180931579,555
1574701863251451089,555
1574701863352410475,551
1574701863412969296,549
1574701863493714270,557
1574701863574512631,551
1574701863655422167,558
1574701863736331051,541
1574701863837061316,539
1574701863897460562,538
1574701863968179796,528
1574701864059003864,527
1574701864129526261,535
1574701864220418469,528
1574701864291153408,526
1574701864381917042,534
1574701864462795928,525
1574701864533475493,535
1574701864624448335,527
1574701864695125294,532
1574701864775769894,530
1574701864866611114,533
1574701864937196929,533
1574701865017977911,533
1574701865088688770,537
1574701865179638570,548
1574701865270394287,537
1574701865361209482,544
1574701865411613058,540
1574701865492418025,540
1574701865573249113,540
1574701865654085710,543
1574701865734811942,555
1574701865815611454,553
1574701865896519910,559
1574701865987429538,561
1574701866058044604,554
1574701866138838339,554
1574701866219675974,555
1574701866310800135,557
1574701866371329850,545
1574701866462335827,555
1574701866532940861,552
1574701866623879038,543
1574701866694514004,547
1574701866785515191,538
1574701866856098618,538
1574701866947091952,541
1574701867007520982,534
1574701867098417430,544
1574701867179401161,533
1574701867250005818,531
1574701867330663478,529
1574701867411492586,530
1574701867492333730,523
1574701867573164495,527
1574701867664021137,529
1574701867734627738,528
1574701867815210831,532
1574701867906088134,529
1574701867966636223,525
1574701868057384695,531
1574701868138075636,525
1574701868208783598,531
1574701868289375591,517
1574701868380202549,526
1574701868450920018,520
1574701868541871941,513
1574701868612454972,516
1574701868703440847,515
1574701868774106065,513
1574701868855289459,510
1574701868936120495,510
1574701869027002616,527
1574701869097563154,515
1574701869188482085,516
1574701869249000999,521
1574701869350005413,520
1574701869410588572,522
1574701869491442081,537
1574701869572180780,534
1574701869663191765,541
1574701869743838944,545
1574701869834774558,539
1574701869895342768,544
1574701869976069687,549
1574701870056821576,551
1574701870137661645,545
1574701870218410523,546
1574701870309322633,536
1574701870369976715,536
1574701870450728809,536
1574701870531433862,538
1574701870622399789,538
1574701870693069728,537
1574701870783913551,536
1574701870854554978,538
1574701870935390976,530
1574701871016240564,536
1574701871096870881,528
1574701871177544376,533
1574701871278590764,526
1574701871359453785,531
1574701871419994808,533
1574701871490588064,522
1574701871591700672,525
1574701871662281576,530
1574701871743157708,522
1574701871813709398,521
1574701871894486977,511
1574701871975299290,501
1574701872056127110,496
1574701872136974775,494
1574701872207696053,495
1574701872288406790,494
1574701872379323851,496
1574701872449992747,495
1574701872530750638,497
1574701872611464612,491
1574701872702244528,495
1574701872772812949,492
1574701872853629541,490
1574701872934417136,494
1574701873035495448,498
1574701873085863417,497
1574701873176654254,509
1574701873247312583,506
1574701873337948119,507
1574701873408645891,507
1574701873489478877,516
1574701873570255249,520
1574701873661084252,528
1574701873731725409,519
1574701873822577165,531
1574701873893261464,535
1574701873974028490,533
1574701874054731946,534
1574701874155741619,533
1574701874216225238,522
1574701874297075844,518
1574701874367778123,512
1574701874458726224,516
1574701874539420261,518
1574701874609934390,521
1574701874690580900,527
1574701874791610486,519
1574701874852117848,516
1574701874932952329,511
1574701875013541577,507
1574701875114708751,506
1574701875175266851,505
1574701875256093106,497
1574701875326788480,502
1574701875427786080,493
1574701875488269886,500
1574701875579264918,492
1574701875649787306,509
1574701875730540031,506
1574701875811299935,509
1574701875912343825,513
1574701875972835210,518
1574701876053777264,522
1574701876134536206,533
1574701876235539252,517
1574701876296022070,529
1574701876386969688,537
1574701876457538601,547
1574701876548524542,546
1574701876609039273,551
1574701876689831482,547
1574701876780756832,546
1574701876851420163,538
1574701876932072642,540
1574701877012839573,527
1574701877093650757,543
1574701877174449144,539
1574701877255249991,530
1574701877356391337,532
1574701877416843537,531
1574701877497674907,527
1574701877568362261,526
1574701877669389319,532
1574701877729846789,527
1574701877820755654,518
1574701877891363320,510
1574701877972244097,514
1574701878053073133,514
1574701878133846315,517
1574701878204479265,515
1574701878305468905,527
1574701878376046195,523
1574701878466884682,520
1574701878537464290,525
1574701878628379293,530
1574701878688833519,525
1574701878789865325,522
1574701878850315699,529
1574701878951388264,523
1574701879011876507,519
1574701879102853466,531
1574701879173565893,530
1574701879274638273,526
1574701879335177520,528
1574701879416046725,532
1574701879486709452,531
1574701879587781286,531
1574701879648302875,543
1574701879739160592,545
1574701879809687928,546
1574701879910793277,551
1574701879971296503,559
1574701880061974227,562
1574701880132577863,561
1574701880213456816,569
1574701880294239084,584
1574701880375099267,569
1574701880455775528,569
1574701880536541587,566
1574701880617197241,579
1574701880708006020,573
1574701880768526798,575
1574701880849383346,572
1574701880940361312,555
1574701881011027472,547
1574701881091879244,540
1574701881172659773,519
1574701881253451239,527
1574701881344398224,506
1574701881415003918,493
1574701881505848554,489
1574701881566389681,485
1574701881647233846,459
1574701881727854881,460
1574701881818797640,454
1574701881889465995,460
1574701881980296465,432
1574701882050971975,438
1574701882131797120,421
1574701882202500429,434
1574701882313704207,423
1574701882374197043,426
1574701882465129659,414
1574701882525731956,405
1574701882616682147,413
1574701882687308789,411
1574701882778228289,407
1574701882848814268,417
1574701882949881708,421
1574701883010367826,418
1574701883091224135,419
1574701883171922168,422
1574701883272867669,413
1574701883323299766,412
1574701883434580416,424
1574701883484992661,425
1574701883585980089,405
1574701883646539943,408
1574701883737546120,407
1574701883808203856,405
1574701883899261025,403
1574701883969751851,386
1574701884060545706,392
1574701884131037588,388
1574701884231967874,382
1574701884282419217,374
1574701884393554238,362
1574701884444000020,363
1574701884545083920,347
1574701884605606468,332
1574701884686399231,361
1574701884777175084,366
1574701884847839747,389
1574701884938723614,393
1574701885009315783,393
1574701885089926447,381
1574701885190957989,384
1574701885251454532,379
1574701885352316019,356
1574701885402758243,329
1574701885503655140,293
1574701885564222351,291
1574701885655200878,266
1574701885725833358,288
1574701885816650049,263
1574701885877223101,261
1574701885968046332,248
1574701886038702530,257
1574701886129642030,259
1574701886200226982,262
1574701886301234199,252
1574701886361707345,249
1574701886442464179,242
1574701886533517155,253
1574701886604205027,260
1574701886695209512,261
1574701886796111215,266
1574701886856667534,274
1574701886927332833,280
1574701886997926766,278
1574701887098993604,285
1574701887159549392,277
1574701887250224178,290
1574701887320799030,305
1574701887411743948,315
1574701887482429736,324
1574701887593472253,326
1574701887643911098,332
1574701887744926721,340
1574701887805449426,333
1574701887886038730,335
1574701887966836499,335
1574701888067936298,333
1574701888128469613,336
1574701888199032544,318
1574701888289801571,317
1574701888370693363,319
1574701888451463080,307
1574701888522017350,300
1574701888613006819,318
1574701888683585417,304
1574701888784696736,308
1574701888845371627,304
1574701888926186616,318
1574701889027337718,317
1574701889087791231,312
1574701889178709276,306
1574701889249332370,312
1574701889340201733,306
1574701889400794049,303
1574701889491718058,299
1574701889562400353,287
1574701889653349183,295
1574701889724070159,287
1574701889825035439,283
1574701889885626607,290
1574701889966351380,284
1574701890067427102,279
1574701890117827332,283
1574701890218786074,280
1574701890279276317,282
1574701890370144930,282
1574701890440625358,286
1574701890521371085,287
1574701890632410253,276
1574701890682825614,279
1574701890793962186,273
1574701890844373922,257
1574701890935331595,236
1574701891005934915,229
1574701891086778633,224
1574701891157489652,228
1574701891248304194,221
1574701891319025538,201
1574701891399841487,202
1574701891480617678,203
1574701891561382902,200
1574701891662354444,209
1574701891722878458,194
1574701891803646184,189
1574701891874410294,187
1574701891975453425,194
1574701892035996882,188
1574701892116750025,196
1574701892197440953,179
1574701892278236338,170
1574701892358915688,174
1574701892449780711,186
1574701892520406710,179
1574701892601439445,180
1574701892682222603,194
1574701892762942642,213
1574701892853902418,223
1574701892924482770,228
1574701893005203157,226
1574701893085975950,214
1574701893156603161,199
1574701893257684083,190
1574701893328283052,192
1574701893409144604,197
1574701893479695855,204
1574701893560681247,216
1574701893641401918,226
1574701893722113908,219
1574701893802886988,224
1574701893903905237,236
1574701893964373662,245
1574701894055235280,225
1574701894115642643,236
1574701894206437755,245
1574701894276900121,234
1574701894357575481,218
1574701894438338676,219
1574701894539350586,217
1574701894599776841,225
1574701894680627557,219
1574701894761386634,203
1574701894862301446,201
1574701894922767771,203
1574701895003434636,197
1574701895084048816,196
1574701895174931029,201
1574701895245488615,228
1574701895346313530,229
1574701895396738563,256
1574701895487619702,281
1574701895568291730,315
1574701895669317206,345
1574701895729597383,372
1574701895830534737,390
1574701895890999580,393
1574701895981815819,402
1574701896042343295,396
1574701896133202140,390
1574701896203942946,397
1574701896294865205,407
1574701896365555696,432
1574701896456353070,451
1574701896526902699,474
1574701896617758406,480
1574701896698475788,489
1574701896789365448,485
1574701896880160699,477
1574701896930568308,473
1574701897011449113,465
1574701897092167901,465
1574701897183036943,467
1574701897253597566,485
1574701897354755834,479
1574701897405199607,493
1574701897496138466,496
1574701897566788786,492
1574701897667650435,490
1574701897728157110,501
1574701897829203812,512
1574701897889634021,508
1574701897980543673,513
1574701898051173949,523
1574701898151946717,523
1574701898212470617,529
1574701898313497259,535
1574701898374037773,527
1574701898455044200,538
1574701898535683732,532
1574701898616433522,529
1574701898697098986,537
1574701898778050655,538
1574701898848640981,540
1574701898939532649,541
1574701899010245699,547
1574701899090995664,541
1574701899181808629,545
1574701899252400964,544
1574701899343253090,551
1574701899413862723,549
1574701899494650255,553
1574701899575383938,546
1574701899656105341,557
1574701899726727328,545
1574701899817534986,561
1574701899888233294,549
1574701899979076255,560
1574701900049848606,555
1574701900130627780,558
1574701900231594203,556
1574701900292134046,558
1574701900373018974,555
1574701900453768199,554
1574701900544681403,559
1574701900615285578,560
1574701900685846648,549
1574701900786836025,559
1574701900857331393,553
1574701900938180269,561
1574701901029159027,553
1574701901089691935,556
1574701901170489463,561
1574701901251221712,563
1574701901362182428,568
1574701901412627116,568
1574701901493375236,568
1574701901574125188,575
1574701901654819835,564
1574701901735520711,571
1574701901816258307,573
1574701901897143447,569
1574701901967769936,571
1574701902068739927,571
1574701902129196312,562
1574701902230172349,568
1574701902290655800,570
1574701902371421795,565
1574701902452010403,566
1574701902532892311,570
1574701902613772263,569
1574701902694461316,565
1574701902775205500,570
1574701902855974277,568
1574701902926626777,567
1574701903017503274,567
1574701903088184935,573
1574701903179085576,571
1574701903280114692,570
1574701903330553129,576
1574701903411316176,571
1574701903492085355,570
1574701903572833660,566
1574701903673769821,568
1574701903734330138,564
1574701903815090790,574
1574701903895876026,562
1574701903966474187,569
1574701904057241000,566
1574701904137919204,563
1574701904208582048,565
1574701904299363913,576
1574701904369895193,571
1574701904450732968,570
1574701904531463223,570
1574701904622242145,570
1574701904692846526,571
1574701904773593469,578
1574701904854294839,576
1574701904935020825,577
1574701905015740935,582
1574701905086308208,579
1574701905177189517,572
1574701905257883669,569
1574701905328541951,569
1574701905409316474,574
1574701905489908958,576
1574701905570611224,575
1574701905651344306,574
1574701905732078185,577
1574701905812742881,574
1574701905893520869,567
1574701905984529988,573
1574701906055230642,576
1574701906135897143,575
1574701906216564266,571
1574701906297202172,575
1574701906367702823,577
1574701906468663514,572
1574701906529246588,578
1574701906609860169,577
1574701906690580649,577
1574701906791993264,574
1574701906852502616,576
1574701906933188798,572
1574701907013952068,586
1574701907094811411,573
1574701907185527539,575
1574701907276650275,575
1574701907327083892,571
1574701907407801458,575
1574701907488529778,577
1574701907579521925,576
1574701907650087946,569
1574701907741066665,563
1574701907811613453,566
1574701907892501592,561
1574701907983323577,563
1574701908074143084,565
1574701908134615877,559
1574701908215200606,565
1574701908295807942,562
1574701908376442610,565
1574701908457183345,568
1574701908537951404,564
1574701908608501550,568
1574701908709469215,572
1574701908769918002,575
1574701908850668584,575
1574701908931588735,569
1574701909012284299,568
1574701909093100956,567
1574701909173788430,559
1574701909254465624,556
1574701909355561925,566
1574701909406020710,564
1574701909486663181,564
1574701909567260530,561
1574701909647885687,561
1574701909748877416,563
1574701909809382629,567
1574701909890039586,560
1574701909981000359,562
1574701910051709615,560
1574701910132364385,557
1574701910213084012,563
1574701910293755933,557
1574701910374497763,560
1574701910455284934,551
1574701910556231798,559
1574701910606667137,549
1574701910687359651,562
1574701910768047189,550
1574701910858873100,552
1574701910929439876,560
1574701911010189618,554
1574701911090937156,555
1574701911171670238,548
1574701911252394333,551
1574701911343248471,555
1574701911413922852,546
1574701911494679158,547
1574701911575295341,547
1574701911656179048,541
1574701911726841382,542
1574701911817829613,540
1574701911888451192,542
1574701911969238013,544
1574701912049852745,543
1574701912130538127,545
1574701912211342012,543
1574701912292182598,549
1574701912373197131,546
1574701912484232550,545
1574701912524521756,539
1574701912615209733,543
1574701912685708263,537
1574701912776520435,547
1574701912847096514,542
1574701912937935852,545
1574701913008407841,550
1574701913109331566,547
1574701913169754432,548
1574701913250471947,548
1574701913331103344,539
1574701913411765178,554
1574701913492652085,560
1574701913573315625,549
1574701913664272757,552
1574701913734983149,560
1574701913815644164,556
1574701913886268428,555
1574701913977157598,556
1574701914047665373,556
1574701914138506802,567
1574701914209092310,555
1574701914289825545,570
1574701914370510809,566
1574701914451196426,565
1574701914532065789,570
1574701914612748846,575
1574701914693430910,576
1574701914774162986,573
1574701914854927969,581
1574701914935532628,580
1574701915016271116,577
1574701915096988300,581
1574701915167578915,583
1574701915258396818,584
1574701915339103144,581
1574701915409857477,581
1574701915500657118,584
1574701915571255343,591
1574701915662098641,592
1574701915732824240,582
1574701915813527142,586
1574701915894237727,592
1574701915995189248,585
1574701916055607313,589
1574701916136244766,595
1574701916216944337,585
1574701916297799205,594
1574701916378468680,584
1574701916459318221,585
1574701916529843373,596
1574701916610658232,584
1574701916691319592,582
1574701916771941731,590
1574701916852712397,583
1574701916933395578,582
1574701917014156147,586
1574701917094920043,580
1574701917175557330,582
1574701917256265103,581
1574701917336963756,576
1574701917417664804,579
1574701917488269092,575
1574701917579045120,577
1574701917649664500,563
1574701917730368358,568
1574701917811046915,567
1574701917891593863,568
1574701917972315392,566
1574701918053169427,568
1574701918133827924,570
1574701918214622154,562
1574701918295277549,568
1574701918365904501,570
1574701918456722079,570
1574701918547624086,576
1574701918608140352,567
1574701918698960138,570
1574701918769526761,566
1574701918850290234,568
1574701918931122091,561
1574701919011860230,571
1574701919092525048,563
1574701919173397660,559
1574701919254069482,573
1574701919334777172,562
1574701919415458738,574
1574701919486028608,569
1574701919576866224,571
1574701919647478336,568
1574701919728299651,571
1574701919809159268,562
1574701919889882852,558
1574701919970593445,566
1574701920051422031,561
1574701920132055315,560
1574701920212777035,558
1574701920293488340,565
1574701920374242530,561
1574701920454770888,563
1574701920535412632,561
1574701920616048691,568
1574701920696848169,553
1574701920767784926,560
1574701920848480900,561
1574701920929241485,564
1574701921009980434,549
1574701921090605855,555
1574701921171318833,546
1574701921251942563,542
1574701921332835701,543
1574701921413524819,542
1574701921504493234,548
1574701921575077952,546
1574701921655666537,537
1574701921726261964,545
1574701921817104865,552
1574701921897691838,549
1574701921968272781,546
1574701922059043821,549
1574701922129646339,550
1574701922210333833,553
1574701922290982273,559
1574701922371550068,547
1574701922482684119,556
1574701922533110910,550
1574701922613819067,545
1574701922694475182,552
1574701922775182414,553
1574701922855910042,559
1574701922936655345,552
1574701923017425774,562
1574701923098092493,562
1574701923168687852,562
1574701923249371734,562
1574701923330069544,563
1574701923410890187,559
1574701923491536097,567
1574701923582392395,559
1574701923653114580,554
1574701923733750384,556
1574701923814437127,557
1574701923895246301,560
1574701923975892190,559
1574701924056758229,570
1574701924137389837,564
1574701924207864722,564
1574701924288569148,569
1574701924369251288,570
1574701924470092619,558
1574701924530620816,576
1574701924611311496,570
1574701924691978888,567
1574701924772689157,578
1574701924853530084,578
1574701924934183083,572
1574701925014814107,575
1574701925095438903,577
1574701925176251234,583
1574701925256845755,578
1574701925337524338,583
1574701925408038473,579
1574701925509118477,580
1574701925589636686,581
1574701925650124977,590
1574701925740849432,584
1574701925811495991,585
1574701925892202509,600
1574701925972885798,592
1574701926053509440,594
1574701926134203841,592
1574701926214853007,595
1574701926295482788,600
1574701926376344055,593
1574701926457014750,594
1574701926537760905,599
1574701926608395871,598
1574701926689109932,606
1574701926769763527,600
1574701926850486445,594
1574701926931251317,608
1574701927032185018,598
1574701927092639050,598
1574701927173387033,601
1574701927254100969,592
1574701927334864138,593
1574701927415629442,592
1574701927496289324,586
1574701927587183551,593
1574701927657706922,589
1574701927738308055,594
1574701927819036863,589
1574701927899800403,591
1574701927970415411,589
1574701928071501824,590
1574701928132019801,595
1574701928212657565,597
1574701928293394988,598
1574701928374101430,592
1574701928454905711,592
1574701928535568497,597
1574701928636580610,598
1574701928727481713,604
1574701928777925546,613
1574701928858474778,619
1574701928929115365,623
1574701929009817679,623
1574701929090495441,622
1574701929171220216,620
1574701929251878565,620
1574701929332588254,613
1574701929413371967,616
1574701929494117509,620
1574701929574699254,621
1574701929655499977,615
1574701929746407280,618
1574701929817081470,618
1574701929897713554,612
1574701929968318992,611
1574701930049075545,615
1574701930139981251,619
1574701930210617232,617
1574701930291395738,615
1574701930372035921,625
1574701930473117821,621
1574701930533606986,613
1574701930614314978,623
1574701930694935414,620
1574701930775728829,614
1574701930856509401,624
1574701930937223355,622
1574701931017851591,616
1574701931098735310,618
1574701931179445429,623
1574701931260089945,622
1574701931330733500,617
1574701931441997769,629
1574701931492436025,624
1574701931573132515,610
1574701931653704250,612
1574701931734367453,620
1574701931815100007,617
1574701931895767746,616
1574701931976435848,613
1574701932057083114,619
1574701932137832568,608
1574701932208420156,617
1574701932299138856,615
1574701932369685484,618
1574701932470592422,623
1574701932531159726,624
1574701932611854142,623
1574701932692518843,624
1574701932773390344,624
1574701932854022131,620
1574701932934716558,628
1574701933035584777,627
1574701933096065155,623
1574701933176754297,628
1574701933257450288,628
1574701933338054560,625
1574701933408702216,627
1574701933509723804,629
1574701933570169459,619
1574701933650874206,619
1574701933731669904,622
1574701933812358110,612
1574701933893274461,623
1574701933973911978,616
1574701934054922127,618
1574701934135658644,623
1574701934216449724,617
1574701934297138290,620
1574701934387945296,619
1574701934458491599,618
1574701934539398296,613
1574701934609961119,615
1574701934700933650,628
1574701934771543617,619
1574701934852205695,619
1574701934963469875,621
1574701935013888601,621
1574701935094487444,619
1574701935175183301,617
1574701935255837618,624
1574701935336547878,613
1574701935417390502,614
1574701935497993918,601
1574701935578836113,598
1574701935649400235,594
1574701935740247644,597
1574701935810898323,603
1574701935891617579,600
1574701935972311658,601
1574701936063176984,607
1574701936133711612,606
1574701936214494293,608
1574701936295134123,610
1574701936375872008,603
1574701936456556932,601
1574701936557530618,605
1574701936618079991,601
1574701936698738568,603
1574701936779369601,599
1574701936860037720,601
1574701936950891617,608
1574701937011506414,601
1574701937092180134,590
1574701937172922611,603
1574701937253525122,607
1574701937334363184,610
1574701937415028555,606
1574701937505905326,610
1574701937576660777,607
1574701937657372403,605
1574701937738068547,613
1574701937818758993,608
1574701937889373577,613
1574701937990386286,616
1574701938050979999,608
1574701938131675678,606
1574701938212443399,601
1574701938293171955,601
1574701938384077048,602
1574701938454584032,611
1574701938535324942,606
1574701938615930422,607
1574701938696763817,602
1574701938777502048,607
1574701938858365007,606
1574701938928973010,603
1574701939030135477,606
1574701939090715073,592
1574701939181558376,597
1574701939252161674,596
1574701939332931223,602
1574701939413731352,601
1574701939494390019,603
1574701939575149054,599
1574701939655775037,603
1574701939736591215,592
1574701939817317335,602
1574701939887922478,598
1574701939968550573,590
1574701940059363545,594
1574701940129878845,602
1574701940220793423,596
1574701940291368729,603
1574701940382231015,601
1574701940452839257,595
1574701940533621982,602
1574701940614355748,595
1574701940715286890,591
1574701940785813597,599
1574701940856344315,594
1574701940936938173,598
1574701941017600597,594
1574701941098403171,592
1574701941168932955,591
1574701941259835111,586
1574701941330487912,589
1574701941411252251,591
1574701941491921704,588
1574701941572686968,590
1574701941653451341,593
1574701941734246879,582
1574701941815011185,584
1574701941895735651,587
1574701941976403029,586
1574701942077365039,590
1574701942137948962,592
1574701942218572860,590
1574701942289061532,593
1574701942369714500,585
1574701942450465729,595
1574701942531119038,598
1574701942612010105,591
1574701942692707142,595
1574701942773379244,588
1574701942853965548,591
1574701942934663310,598
1574701943015436166,590
1574701943096227499,595
1574701943176855750,597
1574701943257528776,605
1574701943338294961,595
1574701943419104324,600
1574701943499739635,608
1574701943570451726,598
1574701943651142717,608
1574701943731739142,606
1574701943812533729,604
1574701943893303077,597
1574701943973904834,602
1574701944054739001,602
1574701944135306886,606
1574701944216060485,606
1574701944296748364,607
1574701944377425799,598
1574701944458001912,594
1574701944538656469,593
1574701944609259354,592
1574701944710201181,594
1574701944770717745,593
1574701944851379457,600
1574701944931985457,599
1574701945012757274,605
1574701945093474835,606
1574701945174042673,605
1574701945254756682,604
1574701945335470173,597
1574701945416192860,609
1574701945496877888,604
1574701945577541821,603
1574701945648074914,595
1574701945738666163,601
1574701945809245199,603
1574701945910216337,602
1574701946001064244,600
1574701946051488243,602
1574701946132156893,597
1574701946212896659,594
1574701946303673315,594
1574701946374266273,594
1574701946454929403,586
1574701946535594183,587
1574701946616402879,588
1574701946697134593,592
1574701946788077369,586
1574701946848828406,593
1574701946929783000,599
1574701947020561809,600
1574701947091083378,607
1574701947212339762,600
1574701947252699143,604
1574701947333414097,599
1574701947414055727,588
1574701947494754549,594
1574701947575416038,598
1574701947656055999,600
1574701947756997949,604
1574701947817504551,605
1574701947898109945,598
1574701947978707563,610
1574701948079653013,601
1574701948130056072,607
1574701948221020071,597
1574701948291594522,600
1574701948372289612,602
1574701948452946250,609
1574701948533618463,605
1574701948614284316,605
1574701948694963100,605
1574701948775595314,608
1574701948856260537,608
1574701948936956491,603
1574701949017639640,596
1574701949098331633,605
1574701949178880485,603
1574701949259538338,605
1574701949330165980,601
1574701949410867978,600
1574701949491725635,606
1574701949572426659,600
1574701949653124568,599
1574701949744012809,601
1574701949814676226,596
1574701949895343365,604
1574701949976042587,603
1574701950056806053,592
1574701950157856158,599
1574701950218338763,598
1574701950299010100,601
1574701950379643062,598
1574701950460333612,589
1574701950530825222,597
1574701950611514545,596
1574701950692365338,602
1574701950773072634,598
1574701950853779129,605
1574701950934396344,601
1574701951015117690,597
1574701951095748620,600
1574701951176440582,602
1574701951257067163,594
1574701951337654432,599
1574701951418262692,600
1574701951519185969,599
1574701951569522010,593
1574701951660277300,600
1574701951730915605,592
1574701951811599452,589
1574701951892338591,586
1574701952003327099,591
1574701952053669963,589
1574701952134257106,591
1574701952214981230,591
1574701952295613641,596
1574701952376290773,593
1574701952456940693,591
1574701952537611926,595
1574701952618185218,596
1574701952698806033,593
1574701952779478056,603
1574701952860137066,599
1574701952930765492,597
1574701953011512446,598
1574701953092215330,593
1574701953172903620,595
1574701953253529685,588
1574701953334283489,586
1574701953415099241,588
1574701953495786958,593
1574701953576519087,593
1574701953657180071,596
1574701953737833491,598
1574701953818441218,599
1574701953889073306,600
1574701953979777671,603
1574701954050370308,604
1574701954131059525,603
1574701954211699462,603
1574701954292426053,590
1574701954393372649,590
1574701954453886464,599
1574701954534567577,605
1574701954615227720,597
1574701954695882318,588
1574701954776567159,596
1574701954877458424,594
1574701954927884053,597
1574701955018467015,601
1574701955089040021,594
1574701955179797690,596
1574701955250389378,586
1574701955331072266,588
1574701955421779488,596
1574701955492365292,592
1574701955573083527,593
1574701955653815219,590
1574701955734394087,587
1574701955815009077,593
1574701955895577781,585
1574701955976283120,581
1574701956056941386,579
1574701956137531913,575
1574701956218154239,583
1574701956298885431,573
1574701956369472929,571
1574701956450113519,580
1574701956530838036,576
1574701956611466697,575
1574701956692094941,573
1574701956772863369,577
1574701956853499080,581
1574701956934339863,586
1574701957014959243,585
1574701957095608582,586
1574701957176305330,588
1574701957257012774,579
1574701957337676858,584
1574701957418381602,590
1574701957489003804,585
1574701957579716469,593
1574701957650337432,585
1574701957731015045,593
1574701957811662395,574
1574701957892338169,591
1574701957973060364,591
1574701958053688255,601
1574701958134353361,592
1574701958214978879,596
1574701958295587635,597
1574701958376335026,598
1574701958457063566,594
1574701958537731709,588
1574701958618289894,590
1574701958698955564,600
1574701958769440775,594
1574701958860207947,587
1574701958930761752,593
1574701959011504863,592
1574701959092141745,595
1574701959172946702,594
1574701959253624161,595
1574701959334231754,590
1574701959414806956,596
1574701959495528042,600
1574701959576302398,599
1574701959656832685,590
1574701959737535338,593
1574701959818200403,591
1574701959898864491,594
1574701959979590344,601
1574701960050208458,591
1574701960130885163,594
1574701960211570666,598
1574701960292273288,593
1574701960383049121,592
1574701960453573531,589
1574701960534258076,583
1574701960614894041,595
1574701960695501974,580
1574701960776141827,581
1574701960856772500,573
1574701960937441957,572
1574701961008016026,570
1574701961088640021,569
1574701961179448383,567
1574701961250048371,572
1574701961330679446,570
1574701961411418473,566
1574701961492084416,561
1574701961572734444,565
1574701961653393224,563
1574701961734068826,571
1574701961814751218,563
1574701961895414917,571
1574701961976104151,570
1574701962056813940,573
1574701962127485966,568
1574701962218162048,575
1574701962288779785,571
1574701962369476514,569
1574701962450213038,573
1574701962530852494,568
1574701962611526757,572
1574701962692253041,573
1574701962772893475,568
1574701962853524111,563
1574701962934190313,577
1574701963014861176,568
1574701963095476562,570
1574701963176143848,573
1574701963256781214,568
1574701963337622304,571
1574701963408196329,568
1574701963488794027,569
1574701963569375905,563
1574701963660117490,565
1574701963730692661,566
1574701963811386335,551
1574701963892083010,547
1574701963972782031,556
1574701964053381192,555
1574701964133983957,564
1574701964214664059,558
1574701964295318680,567
1574701964375971527,561
1574701964456659590,554
1574701964537444620,568
1574701964618131609,559
1574701964688783124,555
1574701964769472822,558
1574701964850112047,556
1574701964930812563,552
1574701965011482859,548
1574701965092127332,562
1574701965172805068,556
1574701965253487728,557
1574701965334199427,556
1574701965414843051,555
1574701965495481610,544
1574701965576156941,551
1574701965656810694,543
1574701965727394036,548
1574701965808106735,552
1574701965888772906,542
1574701965969447507,548
1574701966050049163,542
1574701966130671773,536
1574701966211369729,534
1574701966292052806,532
1574701966372727093,533
1574701966453400751,521
1574701966533993480,522
1574701966614618639,532
1574701966695337707,530
1574701966776019688,531
1574701966856712249,533
1574701966927319624,526
1574701967008011625,518
1574701967088563435,518
1574701967169194387,519
1574701967249934504,519
1574701967330602867,515
1574701967411280828,520
1574701967491920168,512
1574701967572535607,519
1574701967653152313,513
1574701967733927030,515
1574701967814612537,506
1574701967895368165,507
1574701967975998877,515
1574701968066807974,521
1574701968127302038,528
1574701968217954841,526
1574701968288540448,511
1574701968369196797,516
1574701968449855859,510
1574701968530560873,523
1574701968611322022,509
1574701968691973433,510
1574701968772608048,508
1574701968853267200,511
1574701968933962919,513
1574701969014629122,525
1574701969085239934,525
1574701969176018475,529
1574701969256692530,528
1574701969337295965,526
1574701969407850016,519
1574701969488630248,525
1574701969579445233,520
1574701969650022690,512
1574701969730691743,516
1574701969811358660,511
1574701969891984909,506
1574701969972543135,502
1574701970053221118,510
1574701970123675588,505
1574701970214355210,514
1574701970295044529,509
1574701970375620398,509
1574701970456284193,508
1574701970536990933,500
1574701970607574200,496
1574701970698318805,498
1574701970768902002,489
1574701970849514413,491
1574701970930173650,493
1574701971010837934,491
1574701971091496111,493
1574701971172158907,489
1574701971252857615,493
1574701971333448908,492
1574701971414142407,483
1574701971494812445,477
1574701971575485373,488
1574701971646039980,488
1574701971726742297,489
1574701971807433778,484
1574701971888011440,492
1574701971968668456,484
1574701972049384107,494
1574701972130074423,491
1574701972210734985,496
1574701972291505288,490
1574701972372113450,491
1574701972452811860,482
1574701972533550566,477
1574701972604175686,472
1574701972694872616,472
1574701972765488213,468
1574701972846163560,475
1574701972926866176,461
1574701973007527077,458
1574701973088119176,447
1574701973168814770,457
1574701973249460625,456
1574701973330127900,451
1574701973410772824,447
1574701973491469013,454
1574701973572106302,442
1574701973652788824,454
1574701973733463304,452
1574701973814116028,438
1574701973884843926,439
1574701973975623089,437
1574701974046235998,431
1574701974126970419,432
1574701974207531235,431
1574701974288229013,429
1574701974368854656,422
1574701974449527786,431
1574701974530162324,426
1574701974610825712,443
1574701974691472005,436
1574701974772111280,452
1574701974852807886,461
1574701974933542898,449
1574701975014177113,462
1574701975094827894,468
1574701975175466637,451
1574701975245990448,442
1574701975326709127,445
1574701975407363501,434
1574701975487953685,434
1574701975568550798,423
1574701975649181713,419
1574701975729898755,398
1574701975810569810,382
1574701975891232720,367
1574701975961812263,362
1574701976042521391,373
1574701976123256829,372
1574701976204009678,383
1574701976284631130,381
1574701976365297403,387
1574701976445922864,396
1574701976526623252,409
1574701976607341462,411
1574701976687971089,425
1574701976768631202,414
1574701976849291023,415
1574701976929992624,422
1574701977010685581,432
1574701977091371554,436
1574701977172088339,447
1574701977252801266,425
1574701977333429276,428
1574701977403969388,422
1574701977484550698,414
1574701977565243256,387
1574701977645866866,373
1574701977726541273,352
1574701977807178322,345
1574701977887768963,334
1574701977968813072,340
1574701978049495626,364
1574701978130193253,364
1574701978210886325,375
1574701978291690507,403
1574701978362294155,425
1574701978453016371,435
1574701978533612094,451
1574701978614318952,488
1574701978695013060,508
1574701978775560596,530
1574701978856261627,550
1574701978937211444,560
1574701979007726731,571
1574701979098468810,586
1574701979179129031,605
1574701979259802412,625
1574701979340453232,637
1574701979411052919,648
1574701979501773044,661
1574701979572375171,649
1574701979663147660,669
1574701979733649388,658
1574701979814337484,649
1574701979895029147,656
1574701979975660690,654
1574701980056327234,653
1574701980136970667,653
1574701980217613867,660
1574701980298257247,645
1574701980378954712,648
1574701980459592981,656
1574701980540295841,654
1574701980620995722,668
1574701980701599624,658
1574701980782314508,645
1574701980863084973,651
1574701980943704021,650
1574701981024325830,644
1574701981094913327,651
1574701981175612590,656
1574701981256310489,658
1574701981336941245,654
1574701981417615779,648
1574701981498266104,644
1574701981578929201,645
1574701981649509695,634
1574701981730132808,633
1574701981820901643,630
1574701981901533905,635
1574701981972142665,628
1574701982052869214,625
1574701982143554848,630
1574701982214105044,624
1574701982294815064,632
1574701982375478911,623
1574701982456117962,639
1574701982536832394,646
1574701982617525883,651
1574701982698174440,645
1574701982778881472,657
1574701982859546446,659
1574701982940241683,658
1574701983020909948,654
1574701983101553994,646
1574701983172174369,644
1574701983252847366,638
1574701983333483218,630
1574701983414137976,628
1574701983494806793,615
1574701983575475802,622
1574701983656150023,610
1574701983736854285,604
1574701983817615475,592
1574701983898352393,589
1574701983979014299,588
1574701984059613928,588
1574701984140233545,581
1574701984210829811,578
1574701984301519818,578
1574701984372069142,575
1574701984452665544,571
1574701984533319569,573
1574701984613979315,571
1574701984694531214,572
1574701984775133924,563
1574701984855798769,553
1574701984936499544,559
1574701985017147289,560
1574701985097829667,558
1574701985178528735,555
1574701985249097430,560
1574701985329720425,558
1574701985410310138,555
1574701985490977229,559
1574701985571631940,556
1574701985652271749,560
1574701985732950722,565
1574701985813562036,567
1574701985894167565,558
1574701985974827706,557
1574701986055432877,544
1574701986136065295,541
1574701986206640917,521
1574701986297525029,520
1574701986378156530,523
1574701986448758007,517
1574701986529379433,501
1574701986610015823,498
1574701986690709392,500
1574701986771349915,494
1574701986851978258,526
1574701986932649810,545
1574701987013385878,524
1574701987083853376,508
1574701987164633414,492
1574701987245328745,480
1574701987325994600,466
1574701987406713903,477
1574701987487392857,488
1574701987568047610,484
1574701987648739394,493
1574701987729407449,489
1574701987810039652,491
1574701987890677479,497
1574701987971317974,493
1574701988051951759,487
1574701988132627743,481
1574701988213334131,480
1574701988293962746,489
1574701988374625745,466
1574701988455272695,476
1574701988525853613,477
1574701988606516711,488
1574701988697171319,520
1574701988767738216,540
1574701988858461018,536
1574701988939142510,550
1574701989009705221,552
1574701989090395948,535
1574701989171098278,540
1574701989251791154,538
1574701989332507574,532
1574701989413172294,536
1574701989493780463,538
1574701989574446262,541
1574701989655129197,537
1574701989735779352,545
1574701989816499083,539
1574701989897189918,539
1574701989977817963,540
1574701990048434682,530
1574701990129095751,537
1574701990209770979,529
1574701990290404988,533
1574701990371089193,504
1574701990451803997,504
1574701990532510136,499
1574701990613197186,500
1574701990693833271,485
1574701990774447049,477
1574701990844980271,446
1574701990925659227,411
1574701991006321415,373
1574701991086995791,368
1574701991167631064,332
1574701991238148558,313
1574701991318809345,286
1574701991399463227,284
1574701991480131740,272
1574701991560805006,269
1574701991641435236,271
1574701991722089795,271
1574701991802749024,245
1574701991883307707,256
1574701991964135249,243
1574701992044983059,237
1574701992125529981,234
1574701992206187450,237
1574701992276817283,239
1574701992357460253,242
1574701992438085476,240
1574701992518787211,253
1574701992599475843,257
1574701992680149538,249
1574701992760818536,253
1574701992841518533,254
1574701992922160905,255
1574701993002733606,261
1574701993083348165,246
1574701993163913146,250
1574701993244627348,247
1574701993325339422,232
1574701993405972236,235
1574701993486660403,238
1574701993557209063,221
1574701993637871455,223
1574701993718562432,244
1574701993799248677,273
1574701993879896357,278
1574701993960512675,295
1574701994041143329,316
1574701994121824291,313
1574701994202525079,313
1574701994283191941,340
1574701994363802186,342
1574701994444352546,358
1574701994525073962,356
1574701994605693402,353
1574701994686395989,377
1574701994767087009,387
1574701994847719949,389
1574701994928381496,387
1574701995009076226,389
1574701995089707026,394
1574701995170388410,383
1574701995241003352,396
1574701995321640034,384
1574701995402347430,398
1574701995493141726,394
1574701995563601924,401
1574701995644270311,399
1574701995735062088,400
1574701995805645873,387
1574701995886240199,389
1574701995966977456,395
1574701996047653813,390
1574701996128318440,401
1574701996208988788,397
1574701996289643059,403
1574701996370308292,415
1574701996450932793,403
1574701996521454891,412
1574701996612251597,411
1574701996682873607,408
1574701996773569764,407
1574701996844187681,408
1574701996924878285,410
1574701997005523562,400
1574701997086219141,403
1574701997166980652,414
1574701997247584203,405
1574701997328275427,404
1574701997408947646,398
1574701997489613010,398
1574701997570271016,407
1574701997650938375,397
1574701997721480833,399
1574701997812263820,391
1574701997892907511,394
1574701997963461825,407
1574701998044091213,394
1574701998134853227,406
1574701998205363431,397
1574701998286026889,391
1574701998366673229,390
1574701998447382650,396
1574701998528074896,399
1574701998608747702,395
1574701998689381607,394
1574701998770046465,388
1574701998850745401,411
1574701998931365077,416
1574701999011999964,415
1574701999082549986,422
1574701999173250803,427
1574701999253948860,433
1574701999334612850,420
1574701999405170639,414
1574701999495856182,410
1574701999566478182,413
1574701999647111422,422
1574701999727899306,413
1574701999808590135,418
1574701999889284302,419
1574701999969901054,414
1574702000050618753,421
1574702000131300922,424
1574702000201867782,423
1574702000292671426,421
1574702000373381174,427
1574702000454016206,433
1574702000534717691,436
1574702000605240331,426
1574702000685897827,429
1574702000766557943,432
1574702000847226364,426
1574702000927929599,426
1574702001008669195,429
1574702001089388511,415
1574702001170083081,421
1574702001250724742,425
1574702001331391705,425
1574702001412080371,419
1574702001482600777,409
1574702001573360267,411
1574702001653997230,402
1574702001724586248,406
1574702001805191826,407
1574702001885912160,405
1574702001966686175,413
1574702002047380534,404
1574702002128003518,402
1574702002208731551,399
1574702002289395383,398
1574702002370052620,398
1574702002450741849,391
1574702002531336540,389
1574702002611911813,393
1574702002692613392,396
1574702002763190499,396
1574702002843788491,384
1574702002924417128,400
1574702003005051829,389
1574702003085696052,394
1574702003166401804,395
1574702003247069411,394
1574702003327777235,405
1574702003408484327,406
1574702003489149976,404
1574702003569802117,414
1574702003650466679,412
1574702003731181010,417
1574702003811788167,410
1574702003892408669,418
1574702003973097390,424
1574702004043578052,418
1574702004124301770,417
1574702004204974893,424
1574702004285646277,422
1574702004376375569,426
1574702004446995599,410
1574702004527596685,409
1574702004608309616,405
1574702004689050345,392
1574702004769700036,415
1574702004850422032,416
1574702004931042453,421
1574702005011700591,423
1574702005092448057,426
1574702005173163510,440
1574702005253679193,428
1574702005334275367,437
1574702005414884072,442
1574702005485477212,427
1574702005566126005,432
1574702005646771229,448
1574702005727465971,451
1574702005808187935,451
1574702005888858383,449
1574702005969479544,462
1574702006050164523,461
1574702006130830796,462
1574702006211461467,460
1574702006292104720,462
1574702006372861565,463
1574702006453517087,466
1574702006534172525,464
1574702006604788702,457
1574702006695471669,463
1574702006776128839,472
1574702006856839323,462
1574702006927509412,464
1574702007008221378,464
1574702007088916257,472
1574702007169536961,470
1574702007250178460,466
1574702007330861436,480
1574702007411468370,478
1574702007492174376,481
1574702007572876677,480
1574702007653549472,472
1574702007734241243,474
1574702007804858877,478
1574702007885528234,475
1574702007976247214,471
1574702008046766396,470
1574702008127371851,476
1574702008208118347,483
1574702008288755528,483
1574702008369379833,486
1574702008450097524,486
1574702008530799206,486
1574702008611467136,478
1574702008692152916,478
1574702008772888476,472
1574702008853599015,462
1574702008934223485,460
1574702009004828031,471
1574702009085426123,475
1574702009176100452,469
1574702009256753313,469
1574702009327333167,476
1574702009407968708,475
1574702009488634299,468
1574702009569298893,472
1574702009649961847,472
1574702009730554046,471
1574702009811221040,482
1574702009891882757,467
1574702009972608684,483
1574702010053322654,478
1574702010134056806,474
1574702010204633254,477
1574702010295424440,486
1574702010366004391,476
1574702010446706255,483
1574702010527344444,478
1574702010608053610,482
1574702010688691719,485
1574702010769360854,488
1574702010850036541,481
1574702010930732862,480
1574702011011401522,485
1574702011092050631,489
1574702011172634740,484
1574702011253333034,492
1574702011333936335,491
1574702011414668780,488
1574702011495370348,489
1574702011565947223,489
1574702011646634801,479
1574702011727328901,488
1574702011808005866,480
1574702011888721994,487
1574702011969373242,481
1574702012050030817,481
1574702012130695893,481
1574702012211368243,482
1574702012291969093,484
1574702012372629806,479
1574702012453134975,477
1574702012523716146,471
1574702012604418454,474
1574702012685114896,474
1574702012765728641,468
1574702012856516472,471
1574702012927123665,481
1574702013007790086,470
1574702013088519887,469
1574702013169172094,474
1574702013249856727,482
1574702013330538186,487
1574702013411226777,493
1574702013491859287,492
1574702013572546255,496
1574702013653294759,494
1574702013733996677,492
1574702013814642671,489
1574702013895245485,492
1574702013975913436,496
1574702014046457270,493
1574702014127098446,489
1574702014207731173,501
1574702014288400034,495
1574702014369104546,496
1574702014449755517,487
1574702014530430062,490
1574702014611027444,483
1574702014691633583,497
1574702014772254387,499
1574702014852906528,505
1574702014933626300,508
1574702015014354231,508
1574702015095057087,505
1574702015165686284,500
1574702015246374933,501
1574702015327085084,494
1574702015407750741,493
1574702015488523595,489
1574702015569255802,504
1574702015649917915,506
1574702015730587497,505
1574702015811302088,500
1574702015891917243,502
1574702015972677598,503
1574702016053380820,501
1574702016134062814,499
1574702016214634173,496
1574702016295323248,499
1574702016375956097,497
1574702016446526866,498
1574702016527188370,491
1574702016607778756,489
1574702016688397010,490
1574702016769116435,482
1574702016849800708,489
1574702016930473251,489
1574702017011146005,485
1574702017091825426,494
1574702017172509740,487
1574702017253207554,482
1574702017333831442,488
1574702017414501375,483
1574702017495165422,487
1574702017575755646,482
1574702017646342130,482
1574702017726973575,487
1574702017807619242,479
1574702017888341306,479
1574702017969017439,477
1574702018049704984,476
1574702018130344172,479
1574702018221091857,485
1574702018291635933,492
1574702018372318928,493
1574702018452908420,498
1574702018533544917,494
1574702018614176486,497
1574702018694877525,489
1574702018775613806,498
1574702018856274513,497
1574702018926893799,496
1574702019007475979,492
1574702019088155283,495
1574702019168864928,500
1574702019249518924,498
1574702019330151543,500
1574702019410825644,502
1574702019491471266,495
1574702019572130406,486
1574702019652759227,488
1574702019733456153,486
1574702019814174356,477
1574702019894877707,487
1574702019975568989,484
1574702020056186744,487
1574702020136876516,485
1574702020207411315,480
1574702020288039408,470
1574702020368707251,475
1574702020449389126,469
1574702020530082471,472
1574702020610757131,478
1574702020691392640,481
1574702020772027442,490
1574702020852711737,496
1574702020933378269,479
1574702021014003754,494
1574702021094629855,491
1574702021175303994,505
1574702021255902041,499
1574702021326532115,499
1574702021407201274,509
1574702021497910465,510
1574702021568523374,508
1574702021649264620,516
1574702021729908113,505
1574702021810509992,508
1574702021891182571,508
1574702021971807696,512
1574702022052505776,508
1574702022133158664,513
1574702022213749626,515
1574702022294382600,517
1574702022375069522,512
1574702022455743076,516
1574702022536419022,521
1574702022617055022,520
1574702022697670989,521
1574702022778349139,522
1574702022859038271,523
1574702022929617590,530
1574702023010286622,522
1574702023090938136,525
1574702023171576319,527
1574702023252306574,524
1574702023332949502,513
1574702023413546176,512
1574702023494332033,510
1574702023575014436,511
1574702023645549081,511
1574702023736260209,513
1574702023816985385,517
1574702023887570894,525
1574702023968233584,526
1574702024048868596,531
1574702024129533087,521
1574702024210118055,524
1574702024290780869,522
1574702024371430011,522
1574702024452059003,517
1574702024532763020,514
1574702024613443990,518
1574702024694017871,517
1574702024774680924,516
1574702024855276978,517
1574702024935971144,521
1574702025016623337,516
1574702025087158472,519
1574702025167807003,521
1574702025248477723,520
1574702025329174137,518
1574702025409842896,523
1574702025490554344,522
1574702025571212321,519
1574702025651801404,526
1574702025732468107,526
1574702025813095027,520
1574702025893770043,526
1574702025974445390,528
1574702026055118314,528
1574702026135871532,536
1574702026206522837,539
1574702026297279987,543
1574702026367765849,539
1574702026448466111,543
1574702026529179882,538
1574702026619927170,527
1574702026700562833,538
1574702026771158545,527
1574702026851822480,526
1574702026932473759,525
1574702027013132938,528
1574702027093824961,531
1574702027174490192,533
1574702027255188318,529
1574702027335805752,527
1574702027416460572,537
1574702027497158297,525
1574702027577822370,526
1574702027648436551,515
1574702027729127995,517
1574702027809821259,514
1574702027890497000,521
1574702027971210016,503
1574702028051848432,501
1574702028132534482,495
1574702028213258028,502
1574702028293895535,507
1574702028374583755,520
1574702028455291097,520
1574702028536022199,521
1574702028616661370,515
1574702028697352419,522
1574702028767976456,515
1574702028848648515,526
1574702028929278110,522
1574702029009911964,519
1574702029090638839,510
1574702029171159018,528
1574702029251788683,514
1574702029332444103,524
1574702029413135637,523
1574702029493719294,520
1574702029574427246,522
1574702029655125763,536
1574702029735810375,532
1574702029816486871,542
1574702029897212166,543
1574702029967813634,541
1574702030048453175,532
1574702030129126850,533
1574702030209892922,531
1574702030290571212,538
1574702030371278772,534
1574702030451890659,540
1574702030532471002,539
1574702030613156665,539
1574702030693814429,535
1574702030774482951,548
1574702030855121863,528
1574702030935767206,537
1574702031016426352,537
1574702031087057521,547
1574702031167703196,537
1574702031248344114,543
1574702031328986652,535
1574702031409621800,540
1574702031490330790,527
1574702031571036970,536
1574702031651602339,532
1574702031732329168,530
1574702031813052302,522
1574702031893710365,532
1574702031974424201,531
1574702032055060023,539
1574702032135678942,531
1574702032206256712,540
1574702032296975687,532
1574702032377608327,532
1574702032458274905,534
1574702032528820550,532
1574702032609509728,542
1574702032690200137,539
1574702032770889308,530
1574702032851468607,530
1574702032932124138,516
1574702033012818190,526
1574702033093387624,531
1574702033174033748,518
1574702033244646328,519
1574702033335338822,521
1574702033415976651,515
1574702033496643771,521
1574702033567229308,521
1574702033647939691,512
1574702033728581305,511
1574702033809225171,517
1574702033889862369,510
1574702033970554019,508
1574702034051181598,507
1574702034131783803,514
1574702034212484239,502
1574702034293210777,515
1574702034373889891,505
1574702034454558960,511
1574702034535277107,508
1574702034615937358,500
1574702034696642648,500
1574702034767181450,498
1574702034847781069,501
1574702034928446062,497
1574702035009110713,498
1574702035089749251,496
1574702035170401359,494
1574702035251096833,487
1574702035331786384,489
1574702035412439292,492
1574702035493086150,497
1574702035573715578,510
1574702035654422765,503
1574702035735127030,502
1574702035815694780,516
1574702035886239426,510
1574702035966918205,524
1574702036047607054,518
1574702036128269961,523
1574702036208900797,507
1574702036289519147,512
1574702036370185807,516
1574702036450830778,513
1574702036531462698,513
1574702036612092883,517
1574702036692761902,518
1574702036773389131,522
1574702036853992785,525
1574702036934697026,527
1574702037015366963,528
1574702037085873146,526
1574702037176644591,526
1574702037257276597,525
1574702037337993016,532
1574702037408570045,523
1574702037489254929,510
1574702037569873125,516
1574702037650495591,518
1574702037731207140,530
1574702037811820419,516
1574702037892507287,523
1574702037973185592,513
1574702038053749540,515
1574702038134429458,513
1574702038215175955,515
1574702038295785530,511
1574702038376375954,509
1574702038457062276,509
1574702038537689571,506
1574702038618322884,511
1574702038688958054,526
1574702038779654501,528
1574702038850240064,529
1574702038930944212,536
1574702039011562799,527
1574702039092228318,539
1574702039172850332,532
1574702039253554753,535
1574702039334172922,530
1574702039414880902,529
1574702039495542678,526
1574702039576199047,530
1574702039656857435,530
1574702039737432839,533
1574702039817999612,541
1574702039888596796,534
1574702039969291821,541
1574702040049841884,544
1574702040130505649,551
1574702040211187111,543
1574702040291847103,528
1574702040372548027,527
1574702040453178203,536
1574702040533848329,542
1574702040614453962,551
1574702040695130452,547
1574702040775764309,548
1574702040846349036,549
1574702040937098346,549
1574702041017747350,545
1574702041088303630,544
1574702041168963898,549
1574702041249619232,542
1574702041330274467,555
1574702041410963118,551
1574702041491604741,558
1574702041572277111,547
1574702041652901662,566
1574702041733540157,555
1574702041814231293,557
1574702041894941970,551
1574702041975524402,552
1574702042046060074,540
1574702042136781443,544
1574702042217454348,538
1574702042298157074,523
1574702042368713881,521
1574702042449402785,530
1574702042530051516,527
1574702042610722822,531
1574702042691304891,535
1574702042771937767,535
1574702042852625352,540
1574702042933310909,532
1574702043013878011,532
1574702043094583017,532
1574702043175120653,531
1574702043255824891,540
1574702043336532601,536
1574702043407145951,544
1574702043487801843,537
1574702043568469008,539
1574702043649167141,533
1574702043729802744,539
1574702043810465437,534
1574702043891148067,536
1574702043971753410,539
1574702044052470038,533
1574702044133105198,535
1574702044213710166,545
1574702044294420968,535
1574702044375113574,538
1574702044445746379,531
1574702044526448817,534
1574702044617122462,519
1574702044687704548,525
1574702044778440107,518
1574702044849018350,515
1574702044929512601,519
1574702045010184666,522
1574702045090876053,518
1574702045171523993,517
1574702045252223196,522
1574702045332801905,524
1574702045413435971,520
1574702045494245026,516
1574702045574911859,514
1574702045655564766,511
1574702045716079672,506
1574702045817236763,507
1574702045887827941,511
1574702045988836110,514
1574702046039316379,515
1574702046150389150,527
1574702046190840532,526
1574702046301916799,529
1574702046352549623,530
1574702046433298318,531
1574702046544342776,523
1574702046594843225,531
1574702046706026497,530
1574702046756609919,532
1574702046867723125,533
1574702046918279927,542
1574702047029513853,539
1574702047110344237,546
1574702047150770795,540
1574702047261909586,544
1574702047312247870,535
1574702047423446323,540
1574702047473782498,534
1574702047584959732,531
1574702047635468934,530
1574702047716343300,530
1574702047827323979,530
1574702047867593407,532
1574702047988870355,524
1574702048029239225,524
1574702048140289694,521
1574702048190765867,519
1574702048301877461,516
1574702048352321930,516
1574702048433110142,506
1574702048544322480,513
1574702048594821715,507
1574702048705737486,512
1574702048756153676,512
1574702048857292037,515
1574702048907641485,511
1574702049028868433,511
1574702049079384150,509
1574702049190530150,514
1574702049230989259,508
1574702049342131186,517
1574702049432928574,517
1574702049473319243,516
1574702049574279227,510
1574702049634915754,512
1574702049735829062,510
1574702049796471200,504
1574702049907565611,507
1574702049968126530,521
1574702050048899596,510
1574702050129756634,505
1574702050190342904,498
1574702050301393943,506
1574702050351852049,498
1574702050432548082,494
1574702050543558660,486
1574702050593951645,486
1574702050705247904,495
1574702050755790756,497
1574702050856924727,494
1574702050917397621,495
1574702051018428432,491
1574702051068993062,493
1574702051180083558,490
1574702051260958445,496
1574702051311433178,495
1574702051422865977,490
1574702051473400862,484
1574702051584561988,481
1574702051655292731,481
1574702051705719741,483
1574702051806688646,481
1574702051897600785,478
1574702051978381888,477
1574702052048986849,483
1574702052130134026,483
1574702052200924605,485
1574702052271424911,487
1574702052352286973,489
1574702052463307903,487
1574702052513810394,492
1574702052614851310,487
1574702052675430506,491
1574702052756159219,487
1574702052857221543,487
1574702052907704188,483
1574702052998639474,487
1574702053089489195,486
1574702053180387948,488
1574702053230977464,481
1574702053311720037,491
1574702053422815553,488
1574702053473262312,490
1574702053584376146,496
1574702053634853428,484
1574702053735751996,481
1574702053796327845,484
1574702053897400408,485
1574702053957907032,488
1574702054058936658,474
1574702054139697076,490
1574702054220588752,475
1574702054301442465,469
1574702054351908575,466
1574702054432793461,473
1574702054513438167,469
1574702054624650841,459
1574702054675193297,459
1574702054776214697,462
1574702054826674562,454
1574702054937872743,462
1574702054988363286,450
1574702055099483565,458
1574702055149790269,465
1574702055260919665,461
1574702055331556139,459
1574702055392114517,453
1574702055493032291,446
1574702055563704887,451
1574702055664730713,454
1574702055705162989,452
1574702055826298782,443
1574702055866716888,446
1574702055977718216,445
1574702056028204959,453
1574702056149384122,436
1574702056220038903,449
1574702056270666193,446
1574702056381817377,453
1574702056432375730,446
1574702056533510387,453
1574702056594090418,440
1574702056695126044,448
1574702056745647451,445
1574702056856698136,442
1574702056937553651,437
1574702056988107032,437
1574702057099189273,425
1574702057149566906,447
1574702057260711105,446
1574702057311127502,450
1574702057391872719,461
1574702057502739999,453
1574702057553388062,459
1574702057654386826,460
1574702057704922879,455
1574702057806200013,461
1574702057877032997,455
1574702057978154857,463
1574702058028646589,462
1574702058139694533,463
1574702058190192036,450
1574702058291068975,449
1574702058351678001,454
1574702058432561115,454
1574702058543647659,457
1574702058594070572,454
1574702058674879878,450
1574702058755719499,455
1574702058856680283,448
1574702058907128914,448
1574702058997893250,443
1574702059098932934,442
1574702059149462951,437
1574702059260608293,442
1574702059311128621,434
1574702059391938997,434
1574702059503069688,443
1574702059553564722,444
1574702059634446925,450
1574702059735470477,461
1574702059816166644,445
1574702059876773329,458
1574702059977838868,448
1574702060038326265,457
1574702060139358425,451
1574702060189864152,459
1574702060290824888,451
1574702060351418313,457
1574702060462288762,460
1574702060512815301,459
1574702060623911569,453
1574702060664254005,455
1574702060785706197,443
1574702060846242728,452
1574702060916879484,443
1574702061017942994,462
1574702061068412781,445
1574702061179552075,448
1574702061240061473,435
1574702061320870622,439
1574702061421867460,431
1574702061472259790,433
1574702061583253243,429
1574702061633657376,430
1574702061734837779,427
1574702061785305261,444
1574702061906545138,425
1574702061947014307,427
1574702062047888968,420
1574702062138774456,415
1574702062189236034,423
1574702062300268285,435
1574702062350783652,427
1574702062461901770,424
1574702062512507851,435
1574702062623593492,441
1574702062674026298,443
1574702062785043979,443
1574702062825439497,448
1574702062926332619,451
1574702063007051768,447
1574702063098037923,449
1574702063148611361,449
1574702063259761641,447
1574702063330461933,441
1574702063391019426,449
1574702063502295273,439
1574702063552819318,447
1574702063663919701,442
1574702063714418296,448
1574702063815410041,457
1574702063875839648,458
1574702063956632068,459
1574702064057755285,460
1574702064108244852,460
1574702064209378920,463
1574702064280039356,459
1574702064381069739,454
1574702064431688515,454
1574702064542845516,461
1574702064583274442,448
1574702064674075859,442
1574702064785000301,446
1574702064825348976,449
1574702064936276835,449
1574702064986815889,446
1574702065097951450,453
1574702065148495121,452
1574702065259596915,454
1574702065310124496,447
1574702065421309963,446
1574702065471824380,448
1574702065583490020,454
1574702065664179969,450
1574702065714694427,460
1574702065825988397,469
1574702065866259191,462
1574702065987510378,467
1574702066027757093,464
1574702066138963579,465
1574702066219669687,461
1574702066270207372,459
1574702066381316671,458
1574702066431709975,460
1574702066542867037,468
1574702066593290701,465
1574702066704426013,460
1574702066744904685,465
1574702066855977525,476
1574702066906303783,472
1574702067017453557,469
1574702067067918272,467
1574702067179119191,459
1574702067239651357,450
1574702067320587428,444
1574702067421573722,439
1574702067492169053,435
1574702067552858364,449
1574702067664076197,450
1574702067734672787,444
1574702067795180753,461
1574702067886234770,460
1574702067956870509,450
1574702068057911984,449
1574702068108308603,455
1574702068219321831,443
1574702068269784173,430
1574702068380990069,430
1574702068431600757,429
1574702068512208132,411
1574702068613139142,412
1574702068673636639,417
1574702068774764676,429
1574702068865752474,426
1574702068906021584,426
1574702069017139285,424
1574702069067605521,426
1574702069168587359,421
1574702069229262451,418
1574702069330229159,407
1574702069390842707,411
1574702069491791574,411
1574702069582659149,415
1574702069663432405,420
1574702069723947911,426
1574702069814818302,423
1574702069865355794,400
1574702069966361881,397
1574702070057242827,419
1574702070107671200,401
1574702070188591373,408
1574702070299717792,391
1574702070380568777,372
1574702070420956161,370
1574702070542091676,362
1574702070582402499,368
1574702070703641380,364
1574702070744096924,352
1574702070865393130,367
1574702070905676731,351
1574702071016765632,357
1574702071067273660,349
1574702071168214274,335
1574702071249032763,334
1574702071299547577,287
1574702071410774610,240
1574702071461341665,200
1574702071572365034,181
1574702071622878708,157
1574702071723916807,163
1574702071784448452,175
1574702071895497131,166
1574702071935847285,183
1574702072057147297,191
1574702072117717098,193
1574702072178288023,185
1574702072289413912,185
1574702072339807897,179
1574702072451100996,188
1574702072521777066,190
1574702072582353460,185
1574702072693473951,179
1574702072733938840,195
1574702072844986626,196
1574702072925686640,199
1574702072986336170,197
1574702073097372905,196
1574702073137813523,170
1574702073248989055,179
1574702073299575579,166
1574702073410853879,175
1574702073461339173,165
1574702073572280899,184
1574702073612760342,165
1574702073703587057,156
1574702073814698931,148
1574702073855166204,155
1574702073976363022,144
1574702074016776125,159
1574702074127845745,151
1574702074178415052,179
1574702074289451046,185
1574702074340009670,189
1574702074451142703,185
1574702074521971072,184
1574702074582475150,176
1574702074693686492,167
1574702074744182490,180
1574702074824947741,175
1574702074925937428,173
1574702074996658604,178
1574702075057338809,175
1574702075178393075,179
1574702075218801334,196
1574702075329949662,190
1574702075380418864,190
1574702075491555385,202
1574702075541992117,183
1574702075643018474,183
1574702075733863749,176
1574702075774259999,180
1574702075895375944,178
1574702075935566793,195
1574702076056795723,196
1574702076127487170,198
1574702076177975062,190
1574702076289277180,189
1574702076339720237,189
1574702076460932279,201
1574702076501254049,195
1574702076612442122,190
1574702076662924487,196
1574702076774040183,185
1574702076854952245,186
1574702076895287255,172
1574702077006410744,163
1574702077087308016,171
1574702077168046531,170
1574702077248833594,143
1574702077299471015,135
1574702077400572793,126
1574702077451028299,115
1574702077562120840,123
1574702077622627299,119
1574702077723727353,128
1574702077774262439,134
1574702077885335899,137
1574702077935779149,151
1574702078046935976,156
1574702078097390130,152
1574702078208632638,168
1574702078259138196,182
1574702078370241963,171
1574702078420700146,169
1574702078531667807,165
1574702078582214458,159
1574702078683241361,172
1574702078743622482,151
1574702078844562370,168
1574702078894929499,174
1574702078995853243,175
1574702079066601663,178
1574702079167692684,161
1574702079218139932,171
1574702079299005982,167
1574702079409989114,165
1574702079460454162,186
1574702079561431344,204
1574702079622016889,209
1574702079733169502,200
1574702079783717893,203
1574702079864395466,180
1574702079965388907,178
1574702080015917385,177
1574702080106785835,176
1574702080207839211,158
1574702080258207168,171
1574702080339131994,162
1574702080440042347,172
1574702080500666274,175
1574702080611764545,183
1574702080652120181,197
1574702080742966258,204
1574702080854038783,198
1574702080894449694,202
1574702081015771252,199
1574702081056176325,220
1574702081167308786,222
1574702081247975097,232
1574702081298498384,237
1574702081409684986,244
1574702081460197070,261
1574702081581628470,274
1574702081622032099,279
1574702081733070944,284
1574702081783532237,265
1574702081894777140,273
1574702081965442117,250
1574702082046234526,283
1574702082106852352,297
1574702082187688137,284
1574702082288615939,294
1574702082349313543,305
1574702082460414273,282
1574702082500827519,265
1574702082611811214,257
1574702082662362351,249
1574702082763396025,236
1574702082823865562,226
1574702082924956526,230
1574702082985457341,230
1574702083096643136,221
1574702083167346796,233
1574702083217692610,232
1574702083328853555,249
1574702083379398953,273
1574702083490630397,288
1574702083561244636,295
1574702083652081149,308
1574702083702543398,312
1574702083813719908,313
1574702083864240224,320
1574702083975496737,321
1574702084046152336,321
1574702084137067620,324
1574702084177463062,320
1574702084298612020,323
1574702084369386585,337
1574702084429912758,342
1574702084510710770,354
1574702084621739556,361
1574702084662050764,368
1574702084773113685,379
1574702084823536669,383
1574702084934676228,388
1574702084985059524,382
1574702085075935466,378
1574702085156660211,369
1574702085247520864,387
1574702085318293282,396
1574702085399156875,392
1574702085500127111,387
1574702085540524782,384
1574702085651602286,401
1574702085712239154,428
1574702085813201648,430
1574702085873760567,465
1574702085974968804,487
1574702086045573230,512
1574702086116258413,511
1574702086217281523,510
1574702086277772873,512
1574702086378802667,507
1574702086459582933,504
1574702086510105544,506
1574702086621197445,512
1574702086671754533,505
1574702086783061260,520
1574702086843572991,518
1574702086914215315,511
1574702086994896159,516
1574702087095853883,514
1574702087156417722,518
1574702087257452119,513
1574702087307821364,524
1574702087419042536,519
1574702087499840365,524
1574702087550382202,525
1574702087651474606,523
1574702087712115705,521
1574702087823321481,531
1574702087873698762,521
1574702087974652104,535
1574702088035314047,531
1574702088136309729,529
1574702088186863522,532
1574702088297951865,528
1574702088358639649,531
1574702088429403988,526
1574702088510185312,529
1574702088621285597,524
1574702088671685459,538
1574702088782859844,533
1574702088833376907,537
1574702088944568340,537
1574702088995048015,536
1574702089106046674,528
1574702089146460061,529
1574702089267619056,536
1574702089308025218,527
1574702089398999369,527
1574702089489932136,532
1574702089560609996,533
1574702089631314821,541
1574702089732328401,524
1574702089803104978,520
1574702089903964712,524
1574702089944344265,511
1574702090055430193,520
1574702090115856590,526
1574702090226915538,522
1574702090267347457,529
1574702090388422046,528
1574702090428774177,535
1574702090539907462,535
1574702090590367848,528
1574702090701460483,535
1574702090751960756,530
1574702090863268934,524
1574702090943952090,524
1574702091024552694,513
1574702091064946139,525
1574702091176053904,532
1574702091236566208,525
1574702091317284399,513
1574702091398157320,521
1574702091499205036,518
1574702091569858107,511
1574702091640627745,507
1574702091721373742,511
1574702091812273303,511
1574702091872792018,511
1574702091973976236,504
1574702092054776914,506
1574702092105259442,503
1574702092216243602,505
1574702092276804619,508
1574702092357530380,503
1574702092458596151,501
1574702092509093041,505
1574702092620186615,500
1574702092670544847,498
1574702092781587221,498
1574702092821919503,505
1574702092943211799,502
1574702092983479607,498
1574702093084489794,503
1574702093144851315,496
1574702093265857436,501
1574702093306330433,500
1574702093417436752,492
1574702093478114071,494
1574702093579057759,494
1574702093629531154,492
1574702093740808068,482
1574702093791202177,480
1574702093892287172,480
1574702093952866726,481
1574702094053909705,477
1574702094104452405,482
1574702094215443346,472
1574702094265808483,476
1574702094376936884,474
1574702094427336025,467
1574702094518213300,463
1574702094599050526,467
1574702094689756609,462
1574702094750469417,455
1574702094841409492,457
1574702094932071778,458
1574702094992641940,460
1574702095073471565,448
1574702095144088232,453
1574702095255270744,444
1574702095305774944,454
1574702095416692104,452
1574702095487346714,455
1574702095578225303,460
1574702095628727928,459
1574702095739763901,459
1574702095790294309,453
1574702095870980604,453
1574702095982117869,461
1574702096022486111,461
1574702096133758978,456
1574702096184221619,457
1574702096264968735,454
1574702096366010376,461
1574702096426658345,464
1574702096527448330,456
1574702096588130809,459
1574702096699405862,457
1574702096749902643,464
1574702096850937321,467
1574702096911486640,466
1574702096992165131,459
1574702097093202211,460
1574702097143605719,461
1574702097254651714,466
1574702097305149526,462
1574702097416086321,467
1574702097466647085,466
1574702097577627577,473
1574702097628095979,475
1574702097718919819,481
1574702097809745566,475
1574702097900594744,485
1574702097971262953,470
1574702098031719605,474
1574702098132719189,484
1574702098193292072,489
1574702098294339607,485
1574702098344751642,482
1574702098455876007,480
1574702098506329811,486
1574702098587203182,487
1574702098667787657,487
1574702098768826041,485
1574702098829459429,492
1574702098910329677,494
1574702099011325036,493
1574702099071763815,498
1574702099182807076,490
1574702099223094584,499
1574702099313908359,500
1574702099414816237,492
1574702099505676746,500
1574702099546050587,496
1574702099657232786,501
1574702099707627337,512
1574702099808701822,509
1574702099869383409,512
1574702099960095929,509
1574702100030791679,515
1574702100121535133,511
1574702100192254061,502
1574702100293362017,514
1574702100353965961,505
1574702100434990041,502
1574702100536042419,502
1574702100586718671,506
1574702100697737661,504
1574702100748273094,507
1574702100849270958,502
1574702100909829702,493
1574702100990984892,492
1574702101081755343,495
1574702101162580645,504
1574702101253345858,502
1574702101303822097,502
1574702101425007564,508
1574702101475416461,497
1574702101566249909,503
1574702101626884848,501
1574702101717575005,500
1574702101818523711,507
1574702101868960226,499
1574702101980196369,503
1574702102030711462,506
1574702102111408220,500
1574702102222533567,500
1574702102262936161,500
1574702102383980633,492
1574702102424422769,490
1574702102535574404,496
1574702102586124672,492
1574702102697293188,479
1574702102747813011,487
1574702102859127291,491
1574702102909624560,485
1574702103020760386,485
1574702103071177294,480
1574702103182242304,480
1574702103222644032,487
1574702103333824258,491
1574702103394357465,496
1574702103495366996,494
1574702103565898852,496
1574702103636675676,493
1574702103737710289,497
1574702103788236449,492
1574702103899496822,500
1574702103949958199,497
1574702104061023740,494
1574702104111485920,499
1574702104222564289,495
1574702104273081626,490
1574702104373935303,484
1574702104434480006,485
1574702104515278700,491
1574702104606301960,498
1574702104697185842,502
1574702104777938091,501
1574702104828499868,504
1574702104939561601,500
1574702104989992637,502
1574702105090920509,503
1574702105151468116,519
1574702105272676975,520
1574702105312972134,513
1574702105424207204,516
1574702105464603846,515
1574702105565824262,519
1574702105626443374,517
1574702105747671267,533
1574702105788067006,523
1574702105899183598,527
1574702105949615747,529
1574702106030502216,527
1574702106111124423,528
1574702106222257486,526
1574702106292960156,522
1574702106373732769,526
1574702106424220516,525
1574702106535373633,536
1574702106585743615,543
1574702106706961260,546
1574702106747371031,539
1574702106858589288,547
1574702106909207674,532
1574702107030320741,535
1574702107070666595,543
1574702107171565525,548
1574702107262553419,559
1574702107333255884,559
1574702107393717852,559
1574702107504923471,543
1574702107585700270,544
1574702107626175800,543
1574702107737312508,542
1574702107787618580,538
1574702107898822228,533
1574702107949336031,533
1574702108050341960,531
1574702108110950649,540
1574702108191798731,550
1574702108302800550,553
1574702108353250916,558
1574702108454076446,546
1574702108524730244,539
1574702108605497062,535
1574702108676022581,535
1574702108787126010,533
1574702108847778900,532
1574702108908397672,523
1574702109019724977,521
1574702109070230793,517
1574702109150967473,532
1574702109262166241,525
1574702109312586617,509
1574702109393448462,486
1574702109494516189,470
1574702109555087236,492
1574702109635949130,478
1574702109716682084,476
1574702109797479158,483
1574702109898461005,474
1574702109948991785,473
1574702110049820110,472
1574702110110435822,474
1574702110191272775,483
1574702110302338635,477
1574702110383160235,476
1574702110423472700,485
1574702110544610824,482
1574702110585023763,487
1574702110696035413,481
1574702110746587299,494
1574702110847720409,492
1574702110918600803,483
1574702111019408587,484
1574702111069782834,479
1574702111170944960,484
1574702111231620617,485
1574702111322512568,493
1574702111393181718,496
1574702111484172066,507
1574702111554885025,510
1574702111645727664,527
1574702111746770682,518
1574702111787155551,543
1574702111888160022,571
1574702111958979029,595
1574702112029680014,605
1574702112110546920,634
