%time,field.data
1574702319863533787,681
1574702319964551065,682
1574702320015042875,688
1574702320095561917,689
1574702320196518127,687
1574702320257138409,681
1574702320347946981,676
1574702320418580920,668
1574702320509500061,665
1574702320579998345,663
1574702320671005311,662
1574702320741516050,664
1574702320832184357,666
1574702320902753272,668
1574702320983670443,675
1574702321064371455,680
1574702321135206721,680
1574702321226036176,680
1574702321306871520,682
1574702321377517540,677
1574702321458277828,680
1574702321539086631,683
1574702321619880744,678
1574702321700793042,677
1574702321781571211,675
1574702321862152752,670
1574702321932783203,677
1574702322023659119,670
1574702322104503395,673
1574702322175137050,670
1574702322275877084,676
1574702322336340897,679
1574702322427302638,676
1574702322497779344,671
1574702322588697720,656
1574702322659311528,647
1574702322740109050,652
1574702322820771819,641
1574702322911496364,651
1574702322972025784,642
1574702323072903856,649
1574702323133448277,639
1574702323213965929,646
1574702323304723262,640
1574702323375146946,645
1574702323475889333,632
1574702323546528062,641
1574702323617179367,649
1574702323697921983,660
1574702323778608132,665
1574702323879670679,674
1574702323940196411,666
1574702324020754100,660
1574702324101281129,670
1574702324181849063,663
1574702324252326106,653
1574702324343106076,654
1574702324413587590,643
1574702324514521904,647
1574702324575013376,644
1574702324655564159,642
1574702324736130045,641
1574702324816747730,646
1574702324897328645,656
1574702324977880754,660
1574702325058511186,653
1574702325149427698,655
1574702325220000520,649
1574702325300652274,646
1574702325381531201,645
1574702325472265356,647
1574702325532654710,647
1574702325633767744,646
1574702325694292229,642
1574702325785151720,639
1574702325855738838,631
1574702325946540627,625
1574702326017198967,627
1574702326097960637,633
1574702326168672996,624
1574702326269468209,624
1574702326340105417,626
1574702326420950570,630
1574702326501903063,631
1574702326582683824,629
1574702326653265205,641
1574702326754345366,637
1574702326814737759,630
1574702326905517966,637
1574702326976084082,628
1574702327066846418,632
1574702327137431003,625
1574702327228483242,636
1574702327299186584,630
1574702327400269164,633
1574702327460823285,631
1574702327541518569,632
1574702327612086536,631
1574702327713159887,633
1574702327773623744,643
1574702327874665513,636
1574702327935265950,631
1574702328025936394,638
1574702328096660159,633
1574702328187548335,628
1574702328258147118,629
1574702328349018062,624
1574702328419811440,624
1574702328500720060,626
1574702328581594676,616
1574702328682461257,624
1574702328743075049,622
1574702328813707134,626
1574702328894588665,631
1574702328995660195,630
1574702329056076810,628
1574702329147100033,629
1574702329217693112,624
1574702329298535267,627
1574702329369221138,625
1574702329460013679,627
1574702329530805363,628
1574702329621664771,625
1574702329692387914,622
1574702329793364460,627
1574702329853843161,628
1574702329955024914,631
1574702330015520303,629
1574702330096180903,633
1574702330177004243,635
1574702330257825003,635
1574702330338668040,628
1574702330429686137,626
1574702330490269180,625
1574702330591280321,633
1574702330651772078,625
1574702330752599045,629
1574702330813184330,629
1574702330893977431,636
1574702330984799212,634
1574702331055422011,636
1574702331146224059,629
1574702331216882541,638
1574702331307818322,629
1574702331378484255,633
1574702331459356539,631
1574702331540076305,635
1574702331620977982,644
1574702331711916625,639
1574702331772416303,635
1574702331863435410,647
1574702331934070523,642
1574702332035224141,641
1574702332095688575,640
1574702332196627469,645
1574702332257241719,645
1574702332337966765,647
1574702332418787342,644
1574702332509745136,645
1574702332570394151,641
1574702332671486246,647
1574702332731986760,639
1574702332822836325,639
1574702332893408906,636
1574702332984198101,642
1574702333054881430,637
1574702333155794056,641
1574702333216311317,640
1574702333317486176,642
1574702333367818828,635
1574702333458741019,631
1574702333539564439,626
1574702333630456319,624
1574702333701072687,631
1574702333791860690,630
1574702333852385204,621
1574702333953413774,630
1574702334013882522,619
1574702334104951991,621
1574702334175478874,618
1574702334276438007,631
1574702334336980128,629
1574702334427946665,629
1574702334488491130,628
1574702334599605582,628
1574702334650009448,621
1574702334751028680,625
1574702334811636398,624
1574702334902465263,628
1574702334973092925,623
1574702335054174226,624
1574702335134922897,620
1574702335235960327,621
1574702335296476307,617
1574702335377403761,618
1574702335458118170,610
1574702335528834589,608
1574702335619759395,604
1574702335700685997,609
1574702335781524039,602
1574702335862289195,598
1574702335932929018,598
1574702336023914523,598
1574702336104726349,589
1574702336205549085,592
1574702336276202303,588
1574702336336726226,592
1574702336417486758,593
1574702336508394444,597
1574702336569041151,588
1574702336659851998,594
1574702336730395187,590
1574702336821329897,582
1574702336891908193,571
1574702336982792606,567
1574702337053456100,554
1574702337144525871,555
1574702337215096149,550
1574702337295768536,553
1574702337376529339,548
1574702337477594954,551
1574702337538049894,548
1574702337618847610,551
1574702337689523656,552
1574702337770423460,550
1574702337851254827,553
1574702337932144523,549
1574702338012791649,552
1574702338113890318,547
1574702338174412824,551
1574702338255306558,560
1574702338335960505,562
1574702338426857127,563
1574702338497429746,565
1574702338598652356,574
1574702338659143873,575
1574702338739848795,587
1574702338820726480,583
1574702338901406928,591
1574702338992234730,585
1574702339052762685,600
1574702339143689593,599
1574702339214402508,591
1574702339305216011,605
1574702339375983747,612
1574702339456766696,609
1574702339557816355,615
1574702339618311606,611
1574702339709153760,603
1574702339779786117,605
1574702339860493044,615
1574702339941332126,609
1574702340011922315,613
1574702340092659111,610
1574702340183554343,611
1574702340254253581,610
1574702340345214612,606
1574702340415710167,607
1574702340516983239,611
1574702340577475469,613
1574702340668248940,610
1574702340728711302,617
1574702340819482906,619
1574702340890153183,620
1574702341001201552,631
1574702341051607964,621
1574702341142420671,631
1574702341213077398,624
1574702341303965369,626
1574702341384911010,626
1574702341455616643,631
1574702341536388381,634
1574702341617226494,641
1574702341708159249,646
1574702341778766370,643
1574702341859532930,639
1574702341940214656,639
1574702342010892805,638
1574702342101775123,637
1574702342172384037,638
1574702342273424487,634
1574702342333979882,635
1574702342424892443,637
1574702342495522094,639
1574702342576384399,640
1574702342657146365,638
1574702342738035365,641
1574702342818811869,633
1574702342899678158,634
1574702342970376161,635
1574702343061299827,637
1574702343131897750,628
1574702343232796625,634
1574702343293318592,624
1574702343394374285,626
1574702343454909338,624
1574702343545696606,634
1574702343616370955,632
1574702343717432563,627
1574702343777924501,632
1574702343879105517,633
1574702343939714366,634
1574702344020579433,634
1574702344101461164,638
1574702344172006692,636
1574702344262791962,642
1574702344333394819,641
1574702344414153228,644
1574702344494891945,645
1574702344575627289,650
1574702344676684919,654
1574702344737209357,655
1574702344827996727,651
1574702344898682280,647
1574702344999651268,651
1574702345060168645,642
1574702345140922240,650
1574702345221665918,641
1574702345302479152,632
1574702345373120958,629
1574702345464062876,634
1574702345534723719,621
1574702345625622463,624
1574702345696347759,616
1574702345787375728,622
1574702345857986618,626
1574702345948849623,614
1574702346019462098,616
1574702346110459038,617
1574702346170964929,612
1574702346251849828,623
1574702346332453620,608
1574702346423363163,628
1574702346493929301,611
1574702346594922342,613
1574702346655386023,600
1574702346746321257,601
1574702346816927805,578
1574702346918006089,570
1574702346968407052,547
1574702347049170032,544
1574702347129937504,530
1574702347231010212,542
1574702347291526351,520
1574702347372224403,518
1574702347453203495,517
1574702347534102861,512
1574702347614929476,492
1574702347695732189,485
1574702347766253404,479
1574702347857155156,475
1574702347927825912,469
1574702348008617118,469
1574702348099468677,448
1574702348170009508,427
1574702348271096096,397
1574702348321503722,387
1574702348412252470,371
1574702348482958741,357
1574702348563689462,354
1574702348644487472,365
1574702348745512199,359
1574702348805864556,355
1574702348907029942,346
1574702348967603750,342
1574702349068583381,339
1574702349129103104,311
1574702349219923653,303
1574702349280475986,291
1574702349361290446,285
1574702349441828133,275
1574702349542808928,252
1574702349603266772,256
1574702349704146975,265
1574702349764689309,290
1574702349845461005,297
1574702349926118945,305
1574702350017027291,294
1574702350087611796,298
1574702350158185014,289
1574702350259207048,282
1574702350319767964,274
1574702350400443605,262
1574702350481032957,256
1574702350582018634,240
1574702350662741626,234
1574702350723232233,228
1574702350803871805,225
1574702350895018216,225
1574702350965614516,219
1574702351046450935,216
1574702351117117994,226
1574702351208015792,224
1574702351278662410,216
1574702351379597701,216
1574702351440090605,216
1574702351520911506,213
1574702351601644818,214
1574702351682318885,220
1574702351762990496,220
1574702351843772825,229
1574702351924632712,231
1574702352025564154,244
1574702352086119059,246
1574702352156784257,255
1574702352237509446,260
1574702352328407665,256
1574702352398971191,254
1574702352479788660,244
1574702352560590992,236
1574702352641364678,229
1574702352742370200,228
1574702352802894991,240
1574702352883697963,234
1574702352964485779,240
1574702353065658423,262
1574702353126141517,272
1574702353217053092,281
1574702353287647256,276
1574702353368499577,284
1574702353439158157,284
1574702353550213775,286
1574702353600651674,278
1574702353691693451,280
1574702353762269466,275
1574702353843021149,268
1574702353923767551,276
1574702354004637951,268
1574702354085401031,266
1574702354166056563,282
1574702354246799981,282
1574702354327642368,277
1574702354398284515,287
1574702354489074409,277
1574702354559728877,264
1574702354640623536,272
1574702354721282642,287
1574702354811985394,293
1574702354882592736,300
1574702354973463796,287
1574702355044033680,282
1574702355124900796,284
1574702355205622821,282
1574702355286399748,276
1574702355367158342,292
1574702355447861026,288
1574702355528604863,299
1574702355619450667,326
1574702355690016057,322
1574702355770821333,319
1574702355851650274,320
1574702355922227293,306
1574702356002834070,318
1574702356083592873,316
1574702356164453168,313
1574702356255465068,295
1574702356326039078,290
1574702356427176880,281
1574702356487661084,292
1574702356558260040,281
1574702356649104481,281
1574702356719724360,278
1574702356800592472,280
1574702356881315885,267
1574702356962175462,281
1574702357042901462,269
1574702357123789062,278
1574702357214796159,279
1574702357285451024,276
1574702357366200442,275
1574702357446830925,258
1574702357527534534,262
1574702357608324394,271
1574702357678964872,281
1574702357779981323,280
1574702357840544332,264
1574702357931345595,272
1574702358001920408,272
1574702358082722037,280
1574702358163470725,267
1574702358254428036,275
1574702358324996737,260
1574702358405605480,284
1574702358486261394,279
1574702358567003343,289
1574702358647615457,283
1574702358728320720,291
1574702358798995772,289
1574702358889931720,288
1574702358960572962,293
1574702359041396493,280
1574702359122126367,305
1574702359202946531,295
1574702359283719290,297
1574702359364515900,296
1574702359445236563,324
1574702359536016704,352
1574702359606593228,397
1574702359697507429,412
1574702359768249026,424
1574702359849058630,438
1574702359929722844,474
1574702360020583871,496
1574702360091166905,528
1574702360182067586,537
1574702360252704554,549
1574702360333426369,570
1574702360414138659,581
1574702360504992404,595
1574702360575543065,594
1574702360656177900,593
1574702360726800504,575
1574702360817617306,574
1574702360888199253,567
1574702360978998163,565
1574702361059765283,564
1574702361140479524,563
1574702361241627862,568
1574702361292032612,571
1574702361372662775,574
1574702361463529871,580
1574702361534136709,578
1574702361614967626,577
1574702361695744157,573
1574702361776436343,574
1574702361857285686,573
1574702361927847693,578
1574702362018848026,580
1574702362099593403,591
1574702362170133386,602
1574702362261073625,606
1574702362331694235,607
1574702362412498439,616
1574702362503308072,613
1574702362573824789,628
1574702362654482173,624
1574702362735210682,624
1574702362815860694,628
1574702362896684523,631
1574702362977558453,632
1574702363058261665,632
1574702363139091374,631
1574702363219693953,635
1574702363310764685,625
1574702363381310217,631
1574702363462065702,628
1574702363532762550,634
1574702363613559120,629
1574702363694294903,631
1574702363795247676,632
1574702363855750059,632
1574702363936385728,630
1574702364017227352,633
1574702364097870764,632
1574702364178636885,635
1574702364259527598,633
1574702364340304043,635
1574702364421224394,633
1574702364491816854,636
1574702364572569325,632
1574702364663530469,628
1574702364734102957,625
1574702364814799948,627
1574702364895387807,634
1574702364986249517,639
1574702365056821549,640
1574702365137656605,641
1574702365218399227,647
1574702365309129989,652
1574702365379756210,649
1574702365450360687,645
1574702365531147565,633
1574702365611970238,644
1574702365692714530,638
1574702365783561747,648
1574702365854205856,654
1574702365934877350,659
1574702366015589876,654
1574702366116537647,658
1574702366177092493,653
1574702366257758590,660
1574702366338534830,653
1574702366419223031,654
1574702366500023296,654
1574702366580791235,658
1574702366661578187,655
1574702366732117899,661
1574702366822931607,650
1574702366893558906,655
1574702366974209474,651
1574702367054890626,655
1574702367135599824,654
1574702367216308202,656
1574702367297032270,649
1574702367377804876,651
1574702367458637910,655
1574702367539291265,660
1574702367620065112,660
1574702367690752802,660
1574702367771531139,657
1574702367852128115,654
1574702367943096563,649
1574702368013713428,659
1574702368094509080,657
1574702368175180434,658
1574702368266005278,660
1574702368336604606,657
1574702368417468197,652
1574702368498083216,655
1574702368578959160,642
1574702368659620067,647
1574702368740409825,647
1574702368811116083,643
1574702368891851580,642
1574702368972582921,642
1574702369063460033,638
1574702369134097852,643
1574702369214800568,637
1574702369295518850,640
1574702369396356354,642
1574702369456867384,645
1574702369537563746,643
1574702369618289446,651
1574702369699025346,649
1574702369779715849,651
1574702369860559458,648
1574702369931235730,645
1574702370032223235,643
1574702370092807879,652
1574702370173471081,646
1574702370254113781,654
1574702370335101781,653
1574702370415760768,652
1574702370496546864,646
1574702370577337351,645
1574702370658125523,642
1574702370738817994,645
1574702370819664180,645
1574702370900381404,642
1574702370981263534,645
1574702371062072232,644
1574702371132878564,634
1574702371213637243,643
1574702371294260877,641
1574702371374891940,641
1574702371475794837,638
1574702371536318152,643
1574702371617049996,645
1574702371697752762,643
1574702371778419919,641
1574702371859144468,646
1574702371939782084,641
1574702372030715751,639
1574702372101437455,643
1574702372192340430,632
1574702372252895426,633
1574702372343617930,634
1574702372414132893,633
1574702372494792775,643
1574702372575545401,632
1574702372656283096,648
1574702372737064335,648
1574702372817793627,648
1574702372898398980,640
1574702372979163216,642
1574702373059827759,641
1574702373140566016,649
1574702373221405981,644
1574702373292007457,650
1574702373372864024,643
1574702373453533788,642
1574702373554410075,634
1574702373614855039,637
1574702373695521837,635
1574702373776173877,634
1574702373856863285,633
1574702373937611108,631
1574702374028474897,631
1574702374099083022,627
1574702374179964603,628
1574702374250505501,636
1574702374341476600,627
1574702374412022078,632
1574702374502745086,628
1574702374573328357,638
1574702374654011425,631
1574702374734692788,637
1574702374815451472,633
1574702374896086271,631
1574702374976808977,633
1574702375057568286,634
1574702375148476776,635
1574702375219066324,638
1574702375300012220,640
1574702375380726595,640
1574702375461619077,634
1574702375532162382,631
1574702375623023893,627
1574702375703595080,624
1574702375794408134,623
1574702375865019366,627
1574702375935590218,622
1574702376016334177,625
1574702376097230853,627
1574702376177986426,635
1574702376279029867,634
1574702376359806936,637
1574702376420393069,631
1574702376501142134,633
1574702376571751060,632
1574702376662709095,638
1574702376733357648,636
1574702376824256658,641
1574702376894847931,636
1574702376975478374,641
1574702377086581576,643
1574702377136988103,647
1574702377217708739,647
1574702377298438029,647
1574702377379530134,645
1574702377460275832,653
1574702377540947287,650
1574702377621740039,655
1574702377702485543,655
1574702377773057956,659
1574702377873975415,662
1574702377934463948,661
1574702378015242496,657
1574702378116102425,662
1574702378176620832,657
1574702378257273208,661
1574702378337948791,661
1574702378418570338,660
1574702378509524176,661
1574702378579999196,656
1574702378670745540,658
1574702378741375577,658
1574702378822143911,656
1574702378902796110,662
1574702378973377408,667
1574702379064191872,663
1574702379134768674,664
1574702379225658394,654
1574702379296455429,658
1574702379377148245,662
1574702379457758182,649
1574702379538622467,661
1574702379619444941,656
1574702379700063951,665
1574702379800978004,662
1574702379871603343,661
1574702379942134888,658
1574702380012761466,655
1574702380093274447,649
1574702380184045370,657
1574702380254711320,649
1574702380345623624,651
1574702380416134596,649
1574702380496980709,653
1574702380577690507,650
1574702380678760485,658
1574702380739287815,658
1574702380840154517,660
1574702380890606884,654
1574702380981316020,652
1574702381051850476,655
1574702381132557100,656
1574702381223442430,654
1574702381294011533,656
1574702381374763273,654
1574702381455478717,659
1574702381536125887,657
1574702381627037616,655
1574702381697717623,652
1574702381778382546,650
1574702381859069596,645
1574702381939735241,650
1574702382020538496,647
1574702382101241676,650
1574702382171810960,645
1574702382272940317,645
1574702382333422704,648
1574702382414091761,652
1574702382494849188,645
1574702382575511574,648
1574702382656224323,644
1574702382736846519,643
1574702382817554280,638
1574702382898280302,641
1574702382979160544,644
1574702383059735691,634
1574702383140636010,644
1574702383211377455,645
1574702383312189422,642
1574702383382681945,642
1574702383453352630,642
1574702383534007491,640
1574702383624714892,647
1574702383695321950,648
1574702383796208818,648
1574702383856735323,651
1574702383937474034,648
1574702384018140625,653
1574702384098827024,648
1574702384179499205,654
1574702384260137651,650
1574702384340925120,650
1574702384421476110,650
1574702384512345308,650
1574702384582967599,649
1574702384663649180,647
1574702384734214540,645
1574702384825121272,654
1574702384895716077,650
1574702384976480336,653
1574702385057172370,655
1574702385137915459,658
1574702385218649090,651
1574702385309507918,653
1574702385380031268,649
1574702385450624197,656
1574702385541502492,654
1574702385622097657,651
1574702385712901699,649
1574702385783525768,652
1574702385854076229,646
1574702385934910558,648
1574702386015683798,643
1574702386096433463,647
1574702386177120887,647
1574702386267922915,655
1574702386338541988,654
1574702386419305486,654
1574702386499967793,656
1574702386581035055,658
1574702386661691408,659
1574702386742321221,657
1574702386822996966,661
1574702386893536179,663
1574702386994370789,664
1574702387054803693,662
1574702387135553121,662
1574702387216220775,665
1574702387297047047,660
1574702387377771880,660
1574702387458457177,663
1574702387539129802,671
1574702387629978689,668
1574702387700536131,667
1574702387771125832,660
1574702387861838912,660
1574702387932394334,657
1574702388013159393,661
1574702388093816678,663
1574702388174511063,667
1574702388275519814,667
1574702388335915959,671
1574702388416576454,670
1574702388497267550,671
1574702388578005586,668
1574702388658800680,673
1574702388739526502,665
1574702388830224311,664
1574702388890722088,658
1574702389001776431,661
1574702389062278569,666
1574702389142942576,671
1574702389223616624,672
1574702389304182703,666
1574702389384813341,672
1574702389455490241,674
1574702389536197510,673
1574702389617028005,671
1574702389697714385,676
1574702389788539441,672
1574702389859114083,675
1574702389960258462,679
1574702390020842321,671
1574702390101470155,674
1574702390182187531,673
1574702390252793447,676
1574702390333455245,675
1574702390414115364,678
1574702390494791195,669
1574702390575381009,674
1574702390666157726,675
1574702390736905680,681
1574702390827627256,680
1574702390898274648,683
1574702390978998216,676
1574702391059631609,679
1574702391140284018,676
1574702391220880579,684
1574702391301789321,682
1574702391382372589,679
1574702391452881462,684
1574702391543744484,682
1574702391614414602,689
1574702391695062023,691
1574702391775688162,691
1574702391856320275,689
1574702391937011174,690
1574702392038070959,693
1574702392098572041,692
1574702392179212530,690
1574702392259718168,685
1574702392340403774,688
1574702392421114469,689
1574702392501771445,689
1574702392572276979,686
1574702392663045798,684
1574702392733654036,678
1574702392814341387,674
1574702392905195983,678
1574702392985848418,681
1574702393056474611,681
1574702393137138296,678
1574702393218002161,678
1574702393298663568,678
1574702393379394405,677
1574702393459990280,674
1574702393560932165,676
1574702393621460354,673
1574702393702261900,675
1574702393803215524,673
1574702393853627867,670
1574702393934395554,672
1574702394015064714,671
1574702394095662478,673
1574702394176350077,668
1574702394257101989,670
1574702394337923213,671
1574702394418587366,661
1574702394499348336,664
1574702394579987630,659
1574702394660715012,658
1574702394741322765,667
1574702394821941219,662
1574702394892506402,664
1574702394973407344,665
1574702395064227426,669
1574702395134849083,668
1574702395215546149,674
1574702395296372529,661
1574702395377069071,668
1574702395457833666,669
1574702395538510253,675
1574702395629383715,674
1574702395699969472,675
1574702395780697000,676
1574702395861347277,680
1574702395941922204,686
1574702396022682130,680
1574702396093275776,682
1574702396174174403,681
1574702396254826223,688
1574702396335576740,686
1574702396416227563,688
1574702396507131259,685
1574702396577671736,681
1574702396658444889,686
1574702396739280073,687
1574702396820430291,690
1574702396901085065,685
1574702396981850798,687
1574702397062598173,694
1574702397143439859,690
1574702397213977691,688
1574702397304852191,690
1574702397375468944,692
1574702397456117097,695
1574702397536961454,694
1574702397617627276,693
1574702397698301514,690
1574702397779009593,685
1574702397859604827,688
1574702397940348602,692
1574702398021202887,677
1574702398101739400,681
1574702398182433117,674
1574702398263124875,683
1574702398343832732,683
1574702398414555134,681
1574702398495312397,682
1574702398596270183,690
1574702398656766563,691
1574702398737489081,688
1574702398818112796,693
1574702398898753357,694
1574702398979421506,696
1574702399059893758,693
1574702399140662870,700
1574702399221430117,695
1574702399301965958,700
1574702399382802379,701
1574702399463454799,697
1574702399534034137,697
1574702399614733352,692
1574702399705555924,696
1574702399776179619,695
1574702399856840157,700
1574702399937469750,693
1574702400018142849,692
1574702400119102258,691
1574702400179536351,691
1574702400260227138,690
1574702400340855314,690
1574702400421483027,689
1574702400501946621,689
1574702400592767644,696
1574702400653309347,693
1574702400744028962,681
1574702400824695057,683
1574702400895246097,670
1574702400975872343,673
1574702401056571198,672
1574702401147487743,673
1574702401218079070,676
1574702401298759106,676
1574702401379440144,672
1574702401480462747,662
1574702401540948798,664
1574702401621634335,669
1574702401692236002,669
1574702401782898844,682
1574702401863543429,673
1574702401934078792,675
1574702402014773762,675
1574702402105541665,674
1574702402176126109,677
1574702402277004191,678
1574702402337574605,686
1574702402418200936,684
1574702402498909119,686
1574702402579596175,682
1574702402660351931,685
1574702402741095827,685
1574702402821869765,684
1574702402902571063,686
1574702402973138781,683
1574702403084235186,684
1574702403134685818,679
1574702403225467136,680
1574702403295980830,679
1574702403376684784,680
1574702403457505497,682
1574702403538148845,682
1574702403629089536,684
1574702403699531121,680
1574702403800596435,680
1574702403850998130,678
1574702403941694876,674
1574702404022403434,673
1574702404093112983,676
1574702404204109091,676
1574702404254538943,674
1574702404345262758,673
1574702404415931603,671
1574702404506792070,669
1574702404577391101,667
1574702404658046333,672
1574702404738931799,669
1574702404819607795,671
1574702404910470991,671
1574702405011380520,666
1574702405061994509,668
1574702405142687648,667
1574702405223321124,670
1574702405303969969,666
1574702405384629385,667
1574702405465292865,668
1574702405545882178,666
1574702405626728814,669
1574702405697337585,666
1574702405777942790,672
1574702405858598345,668
1574702405939252198,671
1574702406019811500,670
1574702406100558723,673
1574702406181271329,669
1574702406261868634,674
1574702406362813265,676
1574702406413182595,679
1574702406493814390,677
1574702406584559459,674
1574702406655162794,675
1574702406735955503,672
1574702406816648121,670
1574702406897344619,669
1574702406977921838,665
1574702407058652564,667
1574702407139346239,668
1574702407219820936,675
1574702407320938652,669
1574702407381448390,676
1574702407462061453,676
1574702407542748134,676
1574702407613297817,675
1574702407693892314,676
1574702407784855445,675
1574702407855469508,674
1574702407936153577,675
1574702408016830739,673
1574702408117893353,671
1574702408178477070,673
1574702408259077899,675
1574702408339686191,679
1574702408420355267,673
1574702408501031173,676
1574702408581653031,678
1574702408662468350,678
1574702408743180816,677
1574702408834074890,677
1574702408904625265,676
1574702409005621049,679
1574702409056031782,678
1574702409136724796,684
1574702409217483663,680
1574702409298102295,683
1574702409378775319,677
1574702409459529345,681
1574702409540257649,684
1574702409651351984,684
1574702409701787232,684
1574702409782524471,685
1574702409853097274,687
1574702409943874467,685
1574702410024519460,685
1574702410095120451,685
1574702410185901713,683
1574702410256428957,681
1574702410337201017,681
1574702410417804174,678
1574702410518646212,680
1574702410579117337,685
1574702410659738422,681
1574702410740452094,686
1574702410821028695,677
1574702410901661344,680
1574702410982284997,679
1574702411063006023,675
1574702411143676000,676
1574702411214289800,672
1574702411294984297,674
1574702411375617187,672
1574702411466382480,679
1574702411536969639,671
1574702411617644505,676
1574702411698304408,674
1574702411778994588,673
1574702411859625346,677
1574702411940375882,672
1574702412021010832,673
1574702412101688438,672
1574702412182343292,677
1574702412262978210,673
1574702412343833283,678
1574702412414370549,676
1574702412505133739,677
1574702412575673932,674
1574702412656412814,675
1574702412737316755,677
1574702412817994851,679
1574702412898693662,676
1574702412979466191,677
1574702413060174242,680
1574702413140981173,685
1574702413221557800,679
1574702413302202757,676
1574702413382901826,680
1574702413463688532,689
1574702413544374120,696
1574702413615016251,703
1574702413695690540,697
1574702413786620438,698
1574702413857218912,689
1574702413937856794,688
1574702414018563388,687
1574702414099223100,690
1574702414179788683,692
1574702414260472752,693
1574702414341164342,682
1574702414421801787,683
1574702414512604096,690
1574702414583206831,694
1574702414663835721,696
1574702414734447889,696
1574702414815245320,694
1574702414895850860,689
1574702414986658086,684
1574702415057311867,688
1574702415137950926,684
1574702415218635598,695
1574702415299310794,694
1574702415379926976,694
1574702415460641692,700
1574702415541351483,701
1574702415621997456,692
1574702415712998647,696
1574702415783528371,694
1574702415854037155,695
1574702415944753800,695
1574702416015329964,694
1574702416096105419,697
1574702416176811852,693
1574702416257499111,695
1574702416338135692,695
1574702416418774590,689
1574702416499454965,697
1574702416580067932,695
1574702416660755285,700
1574702416741462033,698
1574702416822118411,702
1574702416902763900,706
1574702416983415311,698
1574702417064045463,702
1574702417134597571,702
1574702417215483683,699
1574702417296148029,698
1574702417376803061,699
1574702417457373043,701
1574702417537965949,697
1574702417618623794,700
1574702417699298808,695
1574702417779985093,697
1574702417860689462,703
1574702417941385108,696
1574702418022374170,691
1574702418103041818,695
1574702418173633501,693
1574702418264436746,692
1574702418335074589,694
1574702418415697848,697
1574702418496355205,696
1574702418577021531,701
1574702418667784917,697
1574702418748573899,700
1574702418819132994,699
1574702418899957934,701
1574702418980604133,692
1574702419061231857,696
1574702419141896898,693
1574702419222572434,693
1574702419293212035,694
1574702419384004381,689
1574702419464670265,688
1574702419545312875,695
1574702419625952458,693
1574702419696586321,696
1574702419777281766,690
1574702419857873371,687
1574702419938534749,686
1574702420019219390,689
1574702420099856070,689
1574702420180551074,691
1574702420261246354,693
1574702420341888158,689
1574702420422590415,690
1574702420503322435,687
1574702420584021122,685
1574702420664639870,689
1574702420745259437,689
1574702420825734445,691
1574702420896343193,689
1574702420977011091,684
1574702421057629992,685
1574702421138297928,687
1574702421219052172,687
1574702421299665641,683
1574702421380324912,682
1574702421461088711,682
1574702421541721520,684
1574702421622424623,682
1574702421703070186,688
1574702421783663237,686
1574702421864352218,686
1574702421934939206,685
1574702422025734620,689
1574702422106380326,688
1574702422176964227,689
1574702422257677268,691
1574702422338426558,690
1574702422419170844,688
1574702422499858877,685
1574702422580517187,694
1574702422661199109,694
1574702422742003790,694
1574702422822633599,687
1574702422903322366,694
1574702422983975500,683
1574702423064750573,690
1574702423145430934,687
1574702423226048529,685
1574702423296636636,685
1574702423387434633,684
1574702423457990856,680
1574702423538666668,674
1574702423619344569,671
1574702423700062886,668
1574702423780676904,670
1574702423861282403,667
1574702423941933336,673
1574702424022651543,676
1574702424103278987,668
1574702424183975539,672
1574702424254707858,672
1574702424345607793,665
1574702424416186387,665
1574702424496844859,662
1574702424577536608,663
1574702424658196023,666
1574702424738867450,663
1574702424819537484,668
1574702424900203249,662
1574702424980838632,666
1574702425061504162,667
1574702425142053329,669
1574702425222760956,666
1574702425303450309,668
1574702425384107032,669
1574702425464769576,664
1574702425545460850,661
1574702425626030209,664
1574702425706647154,659
1574702425787293131,667
1574702425857748839,665
1574702425948502458,670
1574702426019081177,662
1574702426099728187,670
1574702426180356135,666
1574702426261059984,668
1574702426341725405,659
1574702426422389996,665
1574702426503022079,665
1574702426583700623,667
1574702426664405738,662
1574702426745092838,664
1574702426815691045,665
1574702426896342621,661
1574702426977048158,659
1574702427057695336,664
1574702427138467154,663
1574702427229227544,666
1574702427299760579,668
1574702427380418310,665
1574702427461126147,666
1574702427541773764,665
1574702427622492604,664
1574702427703157016,667
1574702427783820512,670
1574702427864526050,671
1574702427935094693,668
1574702428025735855,668
1574702428107067920,664
1574702428187679719,667
1574702428258272193,668
1574702428338905952,670
1574702428419586396,658
1574702428500119878,668
1574702428580763078,667
1574702428661478726,668
1574702428762411221,668
1574702428822987200,663
1574702428903536262,668
1574702428984243002,659
1574702429064956791,661
1574702429145600002,665
1574702429226208566,664
1574702429296821065,670
1574702429377518692,667
1574702429458117996,673
1574702429538782796,666
1574702429619483172,667
1574702429700131986,671
1574702429780782541,671
1574702429861453171,672
1574702429942073909,676
1574702430022688621,669
1574702430103370824,674
1574702430173962896,674
1574702430264688067,674
1574702430335275116,673
1574702430415943375,673
1574702430506702983,675
1574702430577240826,677
1574702430657925054,673
1574702430738587703,676
1574702430819230211,677
1574702430899937335,673
1574702430980640937,662
1574702431061394170,662
1574702431142042941,665
1574702431222748242,667
1574702431293310599,664
1574702431384082298,665
1574702431454697704,661
1574702431545490702,667
1574702431626156346,665
1574702431696776454,664
1574702431777413282,659
1574702431858007524,666
1574702431938626382,662
1574702432019305188,666
1574702432099866792,667
1574702432180555607,668
1574702432261262504,661
1574702432341932209,664
1574702432422584655,659
1574702432503256516,661
1574702432583808394,660
1574702432654425165,662
1574702432745203560,654
1574702432825743879,662
1574702432896325256,663
1574702432977051072,662
1574702433057703893,656
1574702433138379195,650
1574702433218986161,644
1574702433299586619,651
1574702433380289556,640
1574702433460997947,642
1574702433541619445,645
1574702433622264098,646
1574702433702969568,639
1574702433783663528,637
1574702433854233949,628
1574702433945029076,631
1574702434025661896,638
1574702434096319724,640
1574702434176990246,634
1574702434257652254,632
1574702434338318217,632
1574702434418936773,629
1574702434499580350,626
1574702434580217299,629
1574702434660887614,626
1574702434741553832,617
1574702434822178285,611
1574702434892852543,608
1574702434983548189,605
1574702435064255992,607
1574702435144944994,611
1574702435235627650,609
1574702435296114877,616
1574702435376892629,621
1574702435457607617,614
1574702435538314511,615
1574702435618955361,614
1574702435699618823,616
1574702435780323074,629
1574702435860995923,624
1574702435941596957,630
1574702436012145061,625
1574702436102920035,620
1574702436173502102,613
1574702436254090085,609
1574702436344880656,621
1574702436415459340,615
1574702436496068031,616
1574702436576734115,610
1574702436657412042,616
1574702436738087799,611
1574702436818768576,617
1574702436899481231,603
1574702436980144270,614
1574702437060846376,604
1574702437141456947,615
1574702437222047960,604
1574702437302703243,600
1574702437373235514,599
1574702437463997343,595
1574702437534573747,587
1574702437615234551,589
1574702437695848261,591
1574702437776546249,591
1574702437857246032,595
1574702437937957464,598
1574702438018693250,595
1574702438099285026,592
1574702438179927642,597
1574702438260529429,591
1574702438341235257,589
1574702438421881552,591
1574702438502396748,583
1574702438583105639,590
1574702438663742317,596
1574702438734315461,587
1574702438815004203,576
1574702438895687009,565
1574702438976351934,564
1574702439057077002,564
1574702439137772565,541
1574702439218485526,551
1574702439299173275,542
1574702439369748157,539
1574702439450438029,534
1574702439541160505,535
1574702439611762018,535
1574702439692453710,545
1574702439773135138,540
1574702439853753762,531
1574702439934480454,525
1574702440015169511,527
1574702440095862510,527
1574702440176534419,528
1574702440257169146,549
1574702440337777324,554
1574702440418443904,566
1574702440499102360,578
1574702440579764546,578
1574702440660395198,579
1574702440741091022,580
1574702440821805567,591
1574702440892357932,579
1574702440972973780,579
1574702441053609450,572
1574702441134272093,579
1574702441214980404,563
1574702441295653616,565
1574702441376392537,504
1574702441457068342,447
1574702441537812993,473
1574702441618523195,512
1574702441699198594,537
1574702441779779555,562
1574702441860472628,569
1574702441941190794,579
1574702442021873171,594
1574702442102483783,611
1574702442183142069,630
1574702442263798281,645
1574702442334345123,650
1574702442414980103,654
1574702442505736829,664
1574702442586479372,677
1574702442657082622,688
1574702442737737725,686
1574702442818438907,693
1574702442899108548,690
1574702442979795478,692
1574702443060497500,686
1574702443141248506,678
1574702443221987332,671
1574702443302692732,672
1574702443383299185,679
1574702443463921340,689
1574702443544574934,687
1574702443625285362,688
1574702443705877389,698
1574702443786552309,703
1574702443857160655,686
1574702443947848348,700
1574702444028525441,700
1574702444099217991,699
1574702444179874712,700
1574702444260513333,701
1574702444341315940,698
1574702444421932979,700
1574702444502648961,705
1574702444583420349,708
1574702444664011512,711
1574702444744747797,721
1574702444825382488,710
1574702444905933065,710
1574702444986636456,708
1574702445067297411,704
1574702445137878673,704
1574702445218525503,701
1574702445299216791,698
1574702445379891936,687
1574702445460431205,697
1574702445541138557,697
1574702445621743775,690
1574702445702372381,688
1574702445783359891,695
1574702445853951855,684
1574702445934629287,681
1574702446025381701,679
1574702446095863175,674
1574702446176565979,671
1574702446257293321,671
1574702446337943785,670
1574702446418507350,671
1574702446499095207,672
1574702446579763103,674
1574702446660428898,671
1574702446741134462,667
1574702446821752615,669
1574702446902462359,655
1574702446983143132,646
1574702447063782925,638
1574702447144445484,636
1574702447225093507,629
1574702447295637675,631
1574702447376338270,630
1574702447457016344,624
1574702447537696607,621
1574702447618404085,619
1574702447699081600,621
1574702447779681814,623
1574702447860348619,632
1574702447941059815,630
1574702448021699331,641
1574702448102306843,643
1574702448182927794,648
1574702448263642216,645
1574702448344340333,646
1574702448425020404,641
1574702448505683918,652
1574702448576267594,650
1574702448656972217,653
1574702448737612604,647
1574702448818215554,649
1574702448898872831,649
1574702448979523374,649
1574702449060156972,655
1574702449140783575,668
1574702449221418660,639
1574702449302059924,607
1574702449382756498,586
1574702449453329745,560
1574702449533924763,556
1574702449614558124,550
1574702449695235096,558
1574702449775836150,543
1574702449856658348,560
1574702449937328614,556
1574702450017933891,554
1574702450098576747,574
1574702450179286050,604
1574702450259787106,597
1574702450340443275,583
1574702450411063488,578
1574702450491843915,577
1574702450572401796,588
1574702450663045276,588
1574702450733602580,591
1574702450814220482,595
1574702450894882738,602
1574702450975545054,602
1574702451056063876,607
1574702451136757453,620
1574702451217477061,614
1574702451298130167,620
1574702451378689641,624
1574702451459352552,616
1574702451540048318,621
1574702451620719252,613
1574702451701444027,608
1574702451782021160,610
1574702451862755362,612
1574702451943419415,614
1574702452024043598,609
1574702452094665792,617
1574702452185372796,616
1574702452255845997,633
1574702452346655777,638
1574702452417284074,623
1574702452497983191,631
1574702452578659927,636
1574702452659327609,622
1574702452739785885,594
1574702452820482884,528
1574702452891073663,512
1574702452971680207,529
1574702453052437932,523
1574702453133051545,518
1574702453213723845,504
1574702453294359639,504
1574702453375059977,508
1574702453455689779,514
1574702453536316368,517
1574702453616982607,519
1574702453697677311,518
1574702453778316751,511
1574702453859012281,506
1574702453939671392,513
1574702454010268465,526
1574702454090963200,523
1574702454171628679,527
1574702454252302221,514
1574702454332978289,506
1574702454413583160,514
1574702454494246189,514
1574702454574913674,528
1574702454655590105,532
1574702454736317116,544
1574702454816988318,549
1574702454897621851,540
1574702454978264729,544
1574702455058871445,546
1574702455139555056,550
1574702455220181755,560
1574702455300857806,550
1574702455381550085,556
1574702455452026761,554
1574702455542796626,561
1574702455613311409,557
1574702455693942586,565
1574702455774606093,567
1574702455855297394,554
1574702455935938536,560
1574702456016611741,569
1574702456097326343,567
1574702456177953612,581
1574702456258652984,570
1574702456339336150,577
1574702456420051446,573
1574702456500650028,568
1574702456581358833,564
1574702456661941056,570
1574702456742626220,568
1574702456813225686,564
1574702456893827879,569
1574702456974546949,572
1574702457055192823,575
1574702457135860701,576
1574702457216535973,568
1574702457297230052,572
1574702457377840893,575
1574702457458522890,580
1574702457539101764,568
1574702457619765927,582
1574702457700429381,586
1574702457781394177,591
1574702457862054397,581
1574702457942680942,579
1574702458023350302,578
1574702458093907157,576
1574702458174574254,580
1574702458265343840,583
1574702458335925652,574
1574702458416609474,570
1574702458507370771,570
1574702458577925875,573
1574702458658635459,573
1574702458739349082,578
1574702458820022282,576
1574702458900749470,572
1574702458981457746,577
1574702459051990798,565
1574702459142904061,563
1574702459213549291,570
1574702459294181417,560
1574702459374845185,562
1574702459455530602,559
1574702459536162473,573
1574702459616830324,573
1574702459697557647,579
1574702459778231311,580
1574702459858959876,580
1574702459939628754,574
1574702460030532368,579
1574702460101262657,576
1574702460192077587,576
1574702460242620313,579
1574702460353747024,580
1574702460424492924,584
1574702460485097978,579
1574702460596147354,575
1574702460636565884,576
1574702460747725818,587
1574702460828507136,578
1574702460878994537,582
1574702460990507073,584
1574702461041007620,575
1574702461152523056,577
1574702461233296732,579
1574702461283669202,596
1574702461394728518,584
1574702461445151849,587
1574702461546118523,587
1574702461636926724,598
1574702461687447311,598
1574702461788361448,599
1574702461849013611,592
1574702461949981904,596
1574702462000355612,604
1574702462111525858,598
1574702462182258438,597
1574702462242883867,597
1574702462353976967,595
1574702462434705397,592
1574702462485139732,589
1574702462606403217,583
1574702462677164731,585
1574702462727530489,588
1574702462828522302,588
1574702462889143841,594
1574702462990175830,596
1574702463040660331,614
1574702463151795403,604
1574702463212297222,614
1574702463313334850,597
1574702463383999470,612
1574702463474859382,606
1574702463525366073,594
1574702463626309414,589
1574702463696943712,595
1574702463767580662,589
1574702463868600326,591
1574702463919095347,578
1574702464009757805,569
1574702464110706649,573
1574702464161191397,569
1574702464272186832,562
1574702464322767637,560
1574702464423801120,554
1574702464484317990,565
1574702464595422577,565
1574702464645879273,569
1574702464746960263,548
1574702464797440830,545
1574702464908704473,543
1574702464959163312,538
1574702465039869699,544
1574702465140801235,554
1574702465211327369,551
1574702465312319159,553
1574702465362843024,551
1574702465463882384,547
1574702465524476674,543
1574702465625379291,545
1574702465685860477,554
1574702465786882232,557
1574702465837357486,557
1574702465948486149,557
1574702465998864365,563
1574702466099742324,569
1574702466160317013,565
1574702466271513120,576
1574702466342105575,572
1574702466402534296,581
1574702466503384842,579
1574702466564057620,583
1574702466675167078,565
1574702466725644628,566
1574702466826599458,570
1574702466877026827,575
1574702466967920309,559
1574702467069041864,566
1574702467129547162,566
1574702467230451419,568
1574702467280899160,575
1574702467391830907,594
1574702467442167514,588
1574702467553367939,592
1574702467603733991,594
1574702467714925246,605
1574702467765387832,607
1574702467876559429,614
1574702467927061623,604
1574702468038153044,605
1574702468108827116,598
1574702468169473195,600
1574702468270351991,590
1574702468351118798,594
1574702468401580349,590
1574702468482417123,584
1574702468593664666,588
1574702468664340387,594
1574702468734936781,587
1574702468825766059,603
1574702468896367425,601
1574702468997355694,600
1574702469047694249,593
1574702469148775583,595
1574702469209364662,597
1574702469310446974,595
1574702469360947460,595
1574702469462011524,606
1574702469532741430,606
1574702469633686347,610
1574702469684182550,611
1574702469795341563,605
1574702469845802402,605
1574702469926544861,600
1574702470017494170,599
1574702470108379808,608
1574702470158962854,610
1574702470269988535,616
1574702470320472595,615
1574702470431534966,623
1574702470512320435,615
1574702470583042698,615
1574702470663715308,607
1574702470734419017,603
1574702470825249466,606
1574702470895969768,603
1574702470986967479,598
1574702471077933208,605
1574702471118306449,593
1574702471209229260,598
1574702471320361710,603
1574702471360808626,599
1574702471471932472,605
1574702471522370816,600
1574702471633576336,603
1574702471714265029,604
1574702471764754293,598
1574702471875860622,596
1574702471916163712,610
1574702472027272461,601
1574702472087875812,596
1574702472188848615,599
1574702472239343205,595
1574702472350411811,611
1574702472401038477,611
1574702472512204864,617
1574702472562757628,615
1574702472673841224,619
1574702472724296683,619
1574702472835518718,624
1574702472906177925,616
1574702472966793959,623
1574702473067891433,613
1574702473128504953,621
1574702473229406550,609
1574702473279804023,610
1574702473391089308,613
1574702473471795975,623
1574702473522232405,627
1574702473633440161,631
1574702473683862708,628
1574702473795031233,627
1574702473845563406,626
1574702473956570120,629
1574702474037479890,631
1574702474108140452,630
1574702474168768583,633
1574702474269914151,629
1574702474320340518,632
1574702474431526348,636
1574702474482054130,634
1574702474593234601,626
1574702474643558010,623
1574702474744665500,632
1574702474805302405,620
1574702474926505477,624
1574702474966848854,623
1574702475077944319,624
1574702475118472283,624
1574702475229560671,620
1574702475280101456,622
1574702475391278469,631
1574702475441725965,637
1574702475552992626,635
1574702475603531417,634
1574702475714551510,628
1574702475765017485,629
1574702475866097207,631
1574702475926707388,620
1574702476037867030,618
1574702476108497957,621
1574702476189242520,625
1574702476240081030,613
1574702476351322033,610
1574702476411781499,607
1574702476512865437,613
1574702476563279471,612
1574702476674354854,608
1574702476724870473,606
1574702476836144152,610
1574702476906865081,612
1574702476987603702,607
1574702477048224517,597
1574702477149242301,600
1574702477199613611,596
1574702477310748262,601
1574702477361322705,597
1574702477472261168,604
1574702477522748821,601
1574702477633795978,606
1574702477684374704,605
1574702477795502373,607
1574702477845903459,606
1574702477957087150,607
1574702478027783909,600
1574702478088356936,619
1574702478189390373,624
1574702478239748864,622
1574702478350933439,628
1574702478401426504,636
1574702478512500733,634
1574702478562987446,634
1574702478663958751,636
1574702478734696402,636
1574702478805379350,635
1574702478916584731,632
1574702478967042468,633
1574702479047829121,629
1574702479148697004,625
1574702479209266835,623
1574702479310289615,623
1574702479360749763,618
1574702479471788062,614
1574702479522221917,615
1574702479623225847,616
1574702479683770327,621
1574702479784870574,611
1574702479845472577,613
1574702479946373379,616
1574702480017195579,614
1574702480108194988,613
1574702480158710028,611
1574702480269851928,613
1574702480350649297,615
1574702480401215538,614
1574702480512172240,621
1574702480562671889,605
1574702480673839203,616
1574702480724327324,622
1574702480825322158,621
1574702480885794942,616
1574702480966698247,615
1574702481067760930,618
1574702481118227504,615
1574702481209067084,615
1574702481279692135,619
1574702481390772175,619
1574702481471538171,613
1574702481521910051,608
1574702481633151327,617
1574702481683689172,615
1574702481784809888,621
1574702481875707044,615
1574702481926202343,618
1574702482027278653,613
1574702482118110160,613
1574702482158579011,606
1574702482269670417,611
1574702482320116108,606
1574702482431317899,613
1574702482512056572,607
1574702482562612152,606
1574702482673812527,611
1574702482724366847,612
1574702482835534400,605
1574702482875915564,608
1574702482997091676,607
1574702483047637593,605
1574702483128455213,596
1574702483239561680,592
1574702483279872573,584
1574702483360702417,585
1574702483441587646,586
1574702483552667886,598
1574702483603156853,603
1574702483704409345,604
1574702483775045956,607
1574702483865949558,608
1574702483926542955,607
1574702484027537143,611
1574702484088028103,612
1574702484168802787,615
1574702484249591941,618
1574702484350620034,618
1574702484401084497,618
1574702484512129064,628
1574702484592967596,632
1574702484643488871,631
1574702484754503469,623
1574702484804876421,626
1574702484885739892,626
1574702484976763816,628
1574702485057557784,623
1574702485128336723,631
1574702485209260729,631
1574702485279962499,627
1574702485391221709,626
1574702485441565555,622
1574702485542496178,625
1574702485633391485,627
1574702485683699358,619
1574702485794936271,629
1574702485845524610,631
1574702485946458955,624
1574702486037299193,616
1574702486108019173,617
1574702486158398928,614
1574702486269513037,613
1574702486350318561,613
1574702486400845467,614
1574702486481511043,617
1574702486582283693,620
1574702486642882585,617
1574702486754021136,620
1574702486804514229,617
1574702486905612264,617
1574702486996540080,617
1574702487046991219,633
1574702487148154477,630
1574702487208734870,634
1574702487289426464,630
1574702487360032783,629
1574702487471238705,620
1574702487521614555,612
1574702487632596375,622
1574702487683161892,620
1574702487794238976,616
1574702487844786788,617
1574702487956043490,616
1574702487996453866,623
1574702488107581011,629
1574702488168099716,631
1574702488248940882,637
1574702488339642320,630
1574702488420440492,632
1574702488501093797,636
1574702488591814772,642
1574702488642348533,642
1574702488753473564,651
1574702488803852540,654
1574702488914866560,654
1574702488965416513,658
1574702489076513110,657
1574702489116897669,641
1574702489227995202,652
1574702489288646733,639
1574702489389785277,646
1574702489440299701,643
1574702489521179794,638
1574702489632253113,639
1574702489682712415,641
1574702489793839536,643
1574702489844334592,637
1574702489955492932,638
1574702489995745066,638
1574702490117043666,640
1574702490157428192,641
1574702490278593302,640
1574702490318957129,638
1574702490429947910,643
1574702490490445726,644
1574702490571367842,647
1574702490662275528,644
1574702490722901134,645
1574702490833966420,642
1574702490884375187,651
1574702490985451371,644
1574702491056174288,640
1574702491147119321,641
1574702491207600748,644
1574702491318736370,638
1574702491359120437,643
1574702491470362111,643
1574702491520934132,651
1574702491601721350,640
1574702491712701389,636
1574702491763179631,623
1574702491874536586,629
1574702491925006533,625
1574702492036201874,629
1574702492076560960,625
1574702492167539325,626
1574702492238219231,630
1574702492349286514,629
1574702492399619427,633
1574702492510742133,642
1574702492561232468,627
1574702492641937393,629
1574702492753132241,626
1574702492803544958,638
1574702492904627001,622
1574702492965258025,624
1574702493056183712,616
1574702493136984073,627
1574702493238033631,624
1574702493278391624,628
1574702493389519863,628
1574702493439890413,633
1574702493550980397,627
1574702493601354302,616
1574702493702248601,606
1574702493762924902,621
1574702493843632616,617
1574702493944732582,638
1574702494035684734,627
1574702494106482339,642
1574702494156971593,640
1574702494278300989,646
1574702494359089408,640
1574702494409551879,640
1574702494490408235,637
1574702494591361252,639
1574702494641907748,641
1574702494753100269,638
1574702494803540052,636
1574702494914725276,625
1574702494954977832,620
1574702495066102117,635
1574702495116594751,632
1574702495227754256,630
1574702495308470449,630
1574702495379167047,626
1574702495439766166,621
1574702495550914305,632
1574702495631696425,627
1574702495702392423,637
1574702495763037429,614
1574702495853953794,630
1574702495954968923,629
1574702496005498315,639
1574702496086326927,640
1574702496187387897,640
1574702496247968329,639
1574702496348962895,649
1574702496419704167,648
1574702496510661704,641
1574702496591540534,644
1574702496672248149,648
1574702496753071281,642
1574702496803546612,651
1574702496914596209,648
1574702496965098008,646
1574702497066013940,633
1574702497126702235,637
1574702497238007658,635
1574702497278475312,644
1574702497389798291,630
1574702497440256097,636
1574702497551422457,639
1574702497601823129,633
1574702497712867683,636
1574702497763351874,639
1574702497874225784,635
1574702497924742320,633
1574702498025765114,632
1574702498076333937,634
1574702498167405572,628
1574702498288661447,623
1574702498329055189,628
1574702498399640198,622
1574702498480321244,623
1574702498591418027,630
1574702498641920237,623
1574702498722768294,626
1574702498833871294,629
1574702498884322681,632
1574702498985294321,625
1574702499035745556,629
1574702499146859842,620
1574702499207552309,627
1574702499318611061,630
1574702499359033486,629
1574702499470334539,633
1574702499551155990,643
1574702499601711201,642
1574702499682538469,642
1574702499793691638,650
1574702499844255690,649
1574702499955392845,637
1574702500005819121,643
1574702500096776491,647
1574702500187502450,643
1574702500248020999,638
1574702500359085958,637
1574702500399493326,635
1574702500510605754,650
1574702500591467009,648
1574702500641868711,652
1574702500742945270,647
1574702500803541687,649
1574702500884220630,652
1574702500995208257,652
1574702501055710011,648
1574702501116366889,652
1574702501207225289,644
1574702501308309631,648
1574702501368763609,647
1574702501469681584,649
1574702501520168752,645
1574702501631361712,650
1574702501702003039,648
1574702501762776550,643
1574702501863802833,642
1574702501924341071,648
1574702502005144834,643
1574702502116286139,649
1574702502156682112,647
1574702502277927280,646
1574702502318399506,648
1574702502429498870,648
1574702502479847682,646
1574702502560853720,647
1574702502641681459,637
1574702502752835066,641
1574702502803253188,642
1574702502904307347,642
1574702502964913301,635
1574702503076016254,642
1574702503146613286,643
1574702503207203262,641
1574702503308242246,637
1574702503368870244,645
1574702503469883848,645
1574702503520354998,654
1574702503631501369,650
1574702503681959386,654
1574702503762662768,652
1574702503873851391,658
1574702503914194427,650
1574702504025312947,660
1574702504095881735,644
1574702504156499613,644
1574702504257495245,646
1574702504338188603,653
1574702504418979320,645
1574702504489613288,646
1574702504590636121,645
1574702504640996829,643
1574702504721675655,647
1574702504832827206,652
1574702504883331618,650
1574702504994491172,649
1574702505034831169,652
1574702505156073113,657
1574702505196488579,659
1574702505287273518,659
1574702505398254841,653
1574702505438573544,661
1574702505549697137,659
1574702505600170269,663
1574702505701462685,662
1574702505792312693,658
1574702505842814687,658
1574702505964118411,659
1574702506004409260,655
1574702506095269415,661
1574702506165911069,652
1574702506277101586,655
1574702506337544862,650
1574702506408218697,660
1574702506478903221,649
1574702506590064525,652
1574702506640502499,648
1574702506751562841,648
1574702506801993526,646
1574702506902852860,640
1574702506993698329,640
1574702507044227414,646
1574702507155352138,641
1574702507205868791,645
1574702507306915781,636
1574702507357180669,651
1574702507458083944,639
1574702507528732255,636
1574702507629828001,640
1574702507680357214,631
1574702507761037144,625
1574702507841785685,635
1574702507922615223,636
1574702508023734016,629
1574702508084291440,625
1574702508195421913,625
1574702508235755420,626
1574702508346972793,629
1574702508397519648,616
1574702508518742092,621
1574702508559239296,629
1574702508639990989,629
1574702508751213835,633
1574702508801741241,626
1574702508912844829,623
1574702508963274093,618
1574702509044046472,620
1574702509155198480,622
1574702509195576672,619
1574702509306689595,623
1574702509357115297,617
1574702509437860095,621
1574702509548955291,624
1574702509599506949,624
1574702509700560031,623
1574702509761177726,628
1574702509841764298,623
1574702509932645986,631
1574702510023539338,627
1574702510084101658,627
1574702510195215812,630
1574702510235602524,630
1574702510356801951,628
1574702510397176702,629
1574702510477984398,634
1574702510578906279,632
1574702510649702119,632
1574702510740577429,633
1574702510801094685,635
1574702510881761371,633
1574702510962618737,641
1574702511043542358,646
1574702511144482374,644
1574702511205114840,638
1574702511285906883,641
1574702511387115142,641
1574702511437574452,644
1574702511518421829,637
1574702511629522253,640
1574702511710176770,636
1574702511760693123,631
1574702511861643468,627
1574702511922201429,636
1574702512033445684,628
1574702512083871668,619
1574702512184988863,626
1574702512235497757,628
1574702512357230214,628
1574702512397582056,620
1574702512508569577,621
1574702512569181676,619
1574702512639854102,622
1574702512740775191,616
1574702512801306231,604
1574702512882036290,610
1574702512962888712,605
1574702513063843375,605
1574702513124390685,611
1574702513225234929,601
1574702513285767325,597
1574702513396834400,608
1574702513437203126,618
1574702513548142329,618
1574702513598686485,607
1574702513719793929,604
1574702513790514454,608
1574702513841050341,606
1574702513942078513,608
1574702514022804259,616
1574702514113771875,615
1574702514164258332,617
1574702514265260280,615
1574702514356153875,609
1574702514406740587,625
1574702514497505998,610
1574702514578154939,603
1574702514679212834,582
1574702514749827446,590
1574702514800418131,587
1574702514911581695,592
1574702514962039253,593
1574702515073194834,598
1574702515123599361,597
1574702515214540458,599
1574702515315453740,594
1574702515355817717,599
1574702515466984323,591
1574702515517545375,592
1574702515628592850,585
1574702515678992927,595
1574702515789947429,588
1574702515840438819,598
1574702515941470455,594
1574702516001947152,588
1574702516113059407,581
1574702516163462559,591
1574702516264713777,596
1574702516325623418,591
1574702516426414416,588
1574702516476915120,587
1574702516587927487,588
1574702516638394864,583
1574702516729376056,584
1574702516799956621,583
1574702516900897307,577
1574702516961446219,585
1574702517062430313,577
1574702517123004959,587
1574702517234107005,574
1574702517274487263,586
1574702517385536055,575
1574702517446056521,590
1574702517547081392,582
1574702517597517904,588
1574702517708581658,580
1574702517758954793,579
1574702517870014055,584
1574702517920492315,581
1574702518031549331,581
1574702518112419481,582
1574702518162887286,584
1574702518263902749,587
1574702518314442856,576
1574702518435761166,578
1574702518496362733,571
1574702518556894099,569
1574702518668123143,567
1574702518718616856,572
1574702518829839957,571
1574702518880227494,565
1574702518981308803,571
1574702519041789305,579
1574702519142730001,573
1574702519203285169,569
1574702519304251715,562
1574702519354816296,559
1574702519435614458,574
1574702519546712115,568
1574702519597255726,563
1574702519708377098,562
1574702519758930078,564
1574702519870119269,574
1574702519920590301,577
1574702520031591656,583
1574702520112333676,588
1574702520162828041,589
1574702520263685080,581
1574702520314246351,575
1574702520435429741,573
1574702520475802789,579
1574702520597137089,573
1574702520637431062,579
1574702520748508381,582
1574702520798972040,577
1574702520909972174,578
1574702520960453919,571
1574702521041473935,579
1574702521122183763,584
1574702521233347124,576
1574702521283814084,579
1574702521364642921,568
1574702521465754400,570
1574702521516232970,569
1574702521637690841,577
1574702521678077783,571
1574702521779115408,572
1574702521849812721,570
1574702521930926384,568
1574702522031724447,571
1574702522072154266,565
1574702522193384727,566
1574702522233652664,559
1574702522354895261,562
1574702522395308732,563
1574702522506578133,565
1574702522556909501,560
1574702522667931936,566
1574702522718390575,554
1574702522829527675,546
1574702522900117897,554
1574702522960669327,543
1574702523041424293,550
1574702523142328425,548
1574702523233264631,548
1574702523273626179,556
1574702523374610243,556
1574702523465521506,560
1574702523516072779,559
1574702523596907542,560
1574702523677629400,554
1574702523788679666,559
1574702523838988788,552
1574702523919870056,554
1574702524000703913,550
1574702524111748071,544
1574702524162152067,540
1574702524263263737,536
1574702524313600187,529
1574702524424614537,532
1574702524475106977,537
1574702524596349784,544
1574702524636774935,544
1574702524757999567,536
1574702524798373944,528
1574702524909504763,518
1574702524949804545,520
1574702525071035499,525
1574702525121495445,523
1574702525232575526,532
1574702525283053145,542
1574702525363878119,538
1574702525464840260,538
1574702525515349782,538
1574702525626412917,552
1574702525676914516,541
1574702525788126414,535
1574702525838680689,534
1574702525949727795,528
1574702526000229120,532
1574702526091161314,533
1574702526161866044,544
1574702526272962611,546
1574702526313316747,535
1574702526424333679,541
1574702526474837360,535
1574702526586090684,532
1574702526636656731,529
1574702526747798255,524
1574702526798201710,524
1574702526909242538,529
1574702526959781174,526
1574702527040578001,518
1574702527141681299,517
1574702527202254506,518
1574702527293132070,511
1574702527353878081,524
1574702527455007098,524
1574702527525806963,533
1574702527596296620,538
1574702527707272788,551
1574702527757688869,556
1574702527838497716,564
1574702527949565999,557
1574702528020233021,556
1574702528080884972,565
1574702528191989584,572
1574702528242468821,569
1574702528343651546,577
1574702528394121831,554
1574702528485098331,552
1574702528586165898,553
1574702528636719234,555
1574702528747761058,555
1574702528798266574,554
1574702528909482485,537
1574702528959987295,551
1574702529061033949,541
1574702529111625608,539
1574702529202548371,550
1574702529293529868,546
1574702529364209306,539
1574702529455098033,538
1574702529525854728,550
1574702529637013839,548
1574702529677370873,539
1574702529788481021,536
1574702529839009084,526
1574702529950156735,543
1574702530000746049,541
1574702530111767922,543
1574702530152250456,549
1574702530243092277,556
1574702530344072312,561
1574702530394601423,549
1574702530505844031,548
1574702530556269249,545
1574702530637139041,548
1574702530738108688,522
1574702530798719413,527
1574702530909722317,516
1574702530960209324,512
1574702531041014601,513
1574702531111748701,516
1574702531202632479,514
1574702531313689146,520
1574702531374227718,513
1574702531444965458,521
1574702531556105021,496
1574702531596432544,510
1574702531717586823,511
1574702531757885533,500
1574702531858891088,508
1574702531939543570,499
1574702531989935866,505
1574702532100881062,493
1574702532181638422,505
1574702532242173642,498
1574702532353250363,501
1574702532393638997,504
1574702532504802223,494
1574702532575486065,492
1574702532635884676,483
1574702532737180829,490
1574702532797729386,479
1574702532878370082,474
1574702532959179154,477
1574702533060147518,464
1574702533120693127,476
1574702533231818330,472
1574702533272256872,483
1574702533363180954,470
1574702533433927330,481
1574702533534869916,466
1574702533595495736,471
1574702533706472120,471
1574702533777023847,465
1574702533837544877,460
1574702533948611937,466
1574702533999044351,454
1574702534090064322,453
1574702534191060774,460
1574702534261671453,457
1574702534332341352,450
1574702534392970039,458
1574702534503932773,450
1574702534554501479,442
1574702534635431445,452
1574702534716169455,438
1574702534807109638,436
1574702534877620971,429
1574702534968384760,427
1574702535039042678,419
1574702535140042562,417
1574702535230869451,403
1574702535271218339,386
1574702535382352459,380
1574702535453122587,367
1574702535533919798,342
1574702535584446455,321
1574702535665334393,305
1574702535776440841,283
1574702535857020315,276
1574702535907551147,257
1574702536018539971,260
1574702536069044540,281
1574702536180185234,268
1574702536230785413,273
1574702536321551856,275
1574702536392290920,275
1574702536473153088,284
1574702536563887261,303
1574702536634483605,301
1574702536715217303,282
1574702536816036230,292
1574702536866679949,291
1574702536977619469,290
1574702537028070394,277
1574702537139202633,279
1574702537219820563,284
1574702537270355368,285
1574702537381484869,277
1574702537421753367,290
1574702537532802797,284
1574702537623697842,278
1574702537664039969,287
1574702537785297286,276
1574702537825678102,260
1574702537926476313,252
1574702537987220469,244
1574702538088171102,250
1574702538168883591,247
1574702538229517946,260
1574702538340509438,245
1574702538401151580,246
1574702538471823963,223
1574702538572949980,242
1574702538633527745,220
1574702538704151227,223
1574702538784893334,231
1574702538885757134,247
1574702538956348724,242
1574702539057287955,252
1574702539107666929,250
1574702539188412105,271
1574702539289399021,257
1574702539380377608,263
1574702539461155411,268
1574702539501566285,296
1574702539622638830,295
1574702539663049210,284
1574702539774041582,280
1574702539824594094,258
1574702539935795829,235
1574702539986294852,217
1574702540067004149,200
1574702540167996999,209
1574702540228636205,228
1574702540329678376,233
1574702540390189337,240
1574702540491239958,233
1574702540551803585,214
1574702540642864693,219
1574702540713568454,199
1574702540814483165,198
1574702540895284851,200
1574702540945689727,196
1574702541056664699,199
1574702541107116054,197
1574702541218170662,199
1574702541268528206,206
1574702541379692304,208
1574702541430163537,207
1574702541531357588,188
1574702541581799303,185
1574702541692890479,150
1574702541743526837,150
1574702541834290333,134
1574702541914982088,154
1574702541985748093,143
1574702542076765812,153
1574702542137380944,134
1574702542248432560,135
1574702542298945826,142
1574702542389778445,144
1574702542460580423,153
1574702542541462428,157
1574702542652409124,160
1574702542703041379,154
1574702542814171241,155
1574702542864600930,172
1574702542975809698,185
1574702543016314709,179
1574702543137549329,186
1574702543177921934,189
1574702543289053176,188
1574702543339494107,194
1574702543470585358,235
1574702543510989240,273
1574702543581625200,260
1574702543692813639,240
1574702543743187432,266
1574702543854235781,288
1574702543904732442,290
1574702544015836302,309
1574702544066376520,297
1574702544177413459,291
1574702544258225703,294
1574702544308776342,305
1574702544409833948,303
1574702544470278089,307
1574702544581311157,289
1574702544631770523,278
1574702544712578506,261
1574702544813561163,246
1574702544863892399,229
1574702544954881419,252
1574702545045837609,262
1574702545146857431,284
1574702545187188588,271
1574702545267942978,270
1574702545369031265,257
1574702545429665097,263
1574702545540758250,259
1574702545581167554,262
1574702545702369648,243
1574702545742854113,248
1574702545854020154,241
1574702545904518467,240
1574702546005538876,274
1574702546076282933,307
1574702546167060668,336
1574702546237766878,345
1574702546338862222,350
1574702546389319465,333
1574702546490184109,331
1574702546550869550,336
1574702546651801344,323
1574702546712258120,327
1574702546813148299,345
1574702546873783817,335
1574702546974748778,326
1574702547035307404,319
1574702547115896631,326
1574702547206979957,328
1574702547267541215,332
1574702547378638078,348
1574702547429189002,345
1574702547540282380,354
1574702547590888768,352
1574702547691960588,361
1574702547782837063,358
1574702547833242723,371
1574702547934320742,364
1574702547984834253,374
1574702548106017643,369
1574702548146378468,373
1574702548257486843,374
1574702548307917580,383
1574702548408933412,380
1574702548479553228,388
1574702548570301202,381
1574702548640907236,378
1574702548721773696,387
1574702548802574035,404
1574702548903529469,405
1574702548953998028,418
1574702549034896485,416
1574702549135982129,428
1574702549196487584,432
1574702549307665206,451
1574702549348140882,448
1574702549459223559,455
1574702549509751362,460
1574702549620928427,469
1574702549671433659,469
1574702549782490784,480
1574702549832901695,496
1574702549913708408,501
1574702550014753247,505
1574702550075409604,529
1574702550186478689,535
1574702550237040412,557
1574702550348118286,566
1574702550428936392,577
1574702550479367574,577
1574702550590440440,590
1574702550640945477,588
1574702550741792623,590
1574702550802417061,589
1574702550893487490,596
1574702550953994821,594
1574702551055171895,604
1574702551145998716,596
1574702551226866973,599
1574702551277394772,598
1574702551388570997,595
1574702551439117910,593
1574702551550244549,596
1574702551590621162,590
1574702551701697036,594
1574702551752256270,589
1574702551873516196,599
1574702551913860254,600
1574702552035048945,605
1574702552075467024,595
1574702552186532294,598
1574702552237058170,597
1574702552337955732,603
1574702552398566163,600
1574702552479395500,605
1574702552580512876,601
1574702552671342261,603
1574702552721798216,603
1574702552802772622,603
1574702552893644417,596
1574702552954220392,592
1574702553065396607,595
1574702553115853126,603
1574702553196634562,602
1574702553307684241,603
1574702553378358614,598
1574702553439007191,602
1574702553550127160,600
1574702553600653713,601
1574702553691381954,602
1574702553792263460,606
1574702553832670342,595
1574702553933714723,598
1574702554014421516,597
1574702554115411504,606
1574702554155790842,594
1574702554266959273,599
1574702554317456577,592
1574702554428611960,590
1574702554479076944,585
1574702554590207837,599
1574702554640652387,593
1574702554751724839,586
1574702554812366874,598
1574702554913352624,592
1574702554953612506,594
1574702555064553793,597
1574702555115122985,588
1574702555195972539,596
1574702555276734154,594
1574702555377774791,593
1574702555458611079,591
1574702555519244188,597
1574702555620074086,589
1574702555680519127,585
1574702555761381356,589
1574702555852264215,594
1574702555912833983,589
1574702556023896448,589
1574702556074360719,586
1574702556195549721,595
1574702556235867247,588
1574702556346916537,596
1574702556397334079,590
1574702556508384920,587
1574702556558938187,588
1574702556660041190,585
1574702556720692355,578
1574702556821597949,587
1574702556872061109,579
1574702556963041702,582
1574702557063988522,582
1574702557114492519,582
1574702557225623435,573
1574702557316564648,593
1574702557356866912,577
1574702557467837763,581
1574702557518367971,573
1574702557629545777,583
1574702557679874872,572
1574702557790967410,578
1574702557831406336,576
1574702557942415674,589
1574702557992850335,578
1574702558103990046,585
1574702558154437613,579
1574702558255486439,579
1574702558316024653,586
1574702558427054463,589
1574702558477553110,584
1574702558578473444,590
1574702558639084259,588
1574702558750187996,592
1574702558831261252,582
1574702558881580884,585
1574702558972417531,589
1574702559043221212,583
1574702559134280901,578
1574702559204969402,585
1574702559305983463,580
1574702559356494105,578
1574702559457340291,580
1574702559517868488,578
1574702559598702046,577
1574702559699751000,582
1574702559760446583,568
1574702559871595727,576
1574702559912069078,573
1574702560013111182,574
1574702560083683546,571
1574702560174618911,575
1574702560235229391,571
1574702560346160191,586
1574702560396547684,581
1574702560477308044,586
1574702560578306084,583
1574702560638956499,583
1574702560739950447,568
1574702560800496582,571
1574702560911632359,559
1574702560952007414,568
1574702561063036868,565
1574702561123672150,568
1574702561214526727,560
1574702561275124901,570
1574702561355867797,563
1574702561466936737,564
1574702561517474413,562
1574702561598238495,558
1574702561689211193,562
1574702561780130695,569
1574702561840709112,567
1574702561921584725,576
1574702562012518341,568
1574702562073133720,578
1574702562174110554,566
1574702562234726674,575
1574702562315534531,563
1574702562426393421,573
1574702562476800718,566
1574702562577893417,559
1574702562638603117,565
1574702562749675145,565
1574702562790049392,565
1574702562880972117,562
1574702562951530684,565
1574702563062621322,566
1574702563113124995,556
1574702563214115118,563
1574702563274742869,563
1574702563385829496,563
1574702563436299002,556
1574702563547533721,569
1574702563628376235,569
1574702563678862165,581
1574702563779862029,578
1574702563840347535,581
1574702563921111737,578
1574702564021972531,580
1574702564072556848,581
1574702564193757010,579
1574702564234106545,568
1574702564335095740,566
1574702564425890842,557
1574702564476429267,565
1574702564557176962,563
1574702564668212679,564
1574702564718555287,567
1574702564829613431,573
1574702564880039168,572
1574702564981021196,580
1574702565031539824,571
1574702565142621148,577
1574702565223481909,573
1574702565304221051,577
1574702565354642522,576
1574702565475803587,574
1574702565516248369,574
1574702565617406028,587
1574702565677846680,572
1574702565758513571,579
1574702565849483913,572
1574702565920032841,576
1574702566021026754,577
1574702566071538358,579
1574702566182593157,576
1574702566233094206,576
1574702566344256335,581
1574702566394785400,593
1574702566505927257,582
1574702566556463244,583
1574702566657424252,580
1574702566728110481,587
1574702566808783076,581
1574702566889437958,581
1574702566970159443,573
1574702567051017030,573
1574702567121625700,570
1574702567202351112,581
1574702567283050311,581
1574702567373941785,594
1574702567464839702,596
1574702567515377091,592
1574702567626321252,589
1574702567676950381,593
1574702567788167412,593
1574702567838727869,589
1574702567949993994,584
1574702568000452218,589
1574702568091276310,573
1574702568161836768,583
1574702568272930328,577
1574702568313390685,577
1574702568424470197,574
1574702568474959909,583
1574702568575837164,575
1574702568636567036,580
1574702568737465227,580
1574702568798021678,581
1574702568899201956,571
1574702568959741247,575
1574702569070939911,576
1574702569111293140,573
1574702569212256258,568
1574702569272912096,570
1574702569384129143,570
1574702569464838319,586
1574702569515238702,583
1574702569626123723,589
1574702569676622550,593
1574702569777558793,603
1574702569868396494,607
1574702569918941173,609
1574702570030143671,594
1574702570070519963,594
1574702570191682344,593
1574702570232062900,602
1574702570343241012,601
1574702570393746569,610
1574702570484672554,619
1574702570575703607,628
1574702570636409600,631
1574702570757610990,643
1574702570797993682,651
1574702570888975289,645
1574702570959615488,627
1574702571070669143,630
1574702571121162382,630
1574702571201938131,643
1574702571313535998,635
1574702571353884723,641
1574702571465003555,636
1574702571556075415,650
1574702571596425680,648
1574702571697288133,644
1574702571788102511,645
1574702571838575471,639
1574702571939502408,622
1574702572000018368,620
1574702572090990397,620
1574702572161623697,621
1574702572262613084,620
1574702572313157171,633
1574702572424260749,623
1574702572484844441,640
1574702572585782372,635
1574702572636378793,623
1574702572737387823,613
1574702572797933668,620
1574702572919142328,614
1574702572959539809,613
1574702573070544679,619
1574702573110953363,616
1574702573232109167,619
1574702573272580032,617
1574702573383713584,617
1574702573434158182,615
1574702573545213598,607
1574702573595621080,615
1574702573696586706,616
1574702573757149354,620
1574702573837930205,611
1574702573949105300,611
1574702573989486602,616
1574702574080187181,616
1574702574171043583,620
1574702574262022780,621
1574702574312593958,607
1574702574413424584,620
1574702574474108548,625
1574702574564935765,625
1574702574655795022,610
1574702574716373650,622
1574702574827509096,624
1574702574877918976,628
1574702574978997134,622
1574702575039531153,631
1574702575150534082,647
1574702575231318119,628
1574702575271654056,655
1574702575392826817,667
1574702575433178057,659
1574702575534149001,667
1574702575604765467,646
1574702575685568656,646
1574702575756173797,638
1574702575837055323,639
1574702575938073248,612
1574702576029052973,608
1574702576079530821,615
1574702576180594781,595
1574702576241241648,586
1574702576312004206,570
1574702576423086565,563
1574702576473558533,588
1574702576584589665,609
1574702576665426210,621
1574702576715861009,625
1574702576816980719,623
