%time,field.data
1574705050517888092,683
1574705050538058909,682
1574705050568424828,684
1574705050608666991,676
1574705050649015042,678
1574705050689252066,677
1574705050729582322,675
1574705050769950760,673
1574705050810266555,674
1574705050850621519,671
1574705050890901740,660
1574705050931255177,660
1574705050971590913,667
1574705051011903520,665
1574705051052240993,672
1574705051092587530,670
1574705051132876891,677
1574705051173236065,673
1574705051203500399,677
1574705051253915086,669
1574705051294264471,672
1574705051334616598,669
1574705051374960925,660
1574705051405229960,661
1574705051445526968,664
1574705051485853894,664
1574705051526212959,659
1574705051566552676,657
1574705051606895873,667
1574705051647243224,660
1574705051687603075,666
1574705051727920861,656
1574705051768254397,660
1574705051808539522,659
1574705051848786710,657
1574705051888993444,658
1574705051929283241,662
1574705051969621796,663
1574705052009901968,658
1574705052050226504,665
1574705052090632241,658
1574705052130952057,662
1574705052171267076,654
1574705052211556031,654
1574705052251886908,664
1574705052302336546,657
1574705052332559707,660
1574705052362787369,657
1574705052413189412,658
1574705052453509033,657
1574705052493848318,657
1574705052534207101,658
1574705052574548186,658
1574705052614863945,657
1574705052645169157,654
1574705052685523887,657
1574705052725888075,656
1574705052766204748,655
1574705052806562987,655
1574705052846890127,650
1574705052887203297,652
1574705052927577326,649
1574705052967932964,653
1574705053008271877,655
1574705053048596618,656
1574705053098966333,653
1574705053129221101,656
1574705053169546036,651
1574705053209857100,652
1574705053250168611,656
1574705053290535731,659
1574705053340981007,658
1574705053371240157,657
1574705053411556269,664
1574705053451906785,663
1574705053492278227,674
1574705053532545965,661
1574705053572806448,656
1574705053613158797,659
1574705053653507716,646
1574705053693890535,641
1574705053734242210,623
1574705053764475703,603
1574705053804787761,597
1574705053845044447,595
1574705053895429439,583
1574705053925682347,590
1574705053966040131,585
1574705054006406577,586
1574705054046747225,593
1574705054087066211,598
1574705054127373440,606
1574705054167714410,611
1574705054208048085,602
1574705054248398185,600
1574705054288652367,598
1574705054329135538,608
1574705054369424112,615
1574705054409772505,614
1574705054450121719,620
1574705054490486702,621
1574705054530799581,615
1574705054581196189,619
1574705054611426860,614
1574705054651781188,615
1574705054692061153,614
1574705054732403357,614
1574705054772771007,609
1574705054803030228,607
1574705054853464425,618
1574705054893774734,620
1574705054934118479,616
1574705054974470012,616
1574705055014766926,609
1574705055055090187,600
1574705055085318659,606
1574705055125654952,613
1574705055166034095,607
1574705055216507304,615
1574705055246745909,618
1574705055297184923,618
1574705055337519352,613
1574705055367723235,621
1574705055418120562,614
1574705055448373755,627
1574705055498772842,623
1574705055528966415,622
1574705055569286218,621
1574705055609616064,619
1574705055649929468,620
1574705055690227200,618
1574705055730592686,607
1574705055770905502,613
1574705055811240861,610
1574705055851576327,604
1574705055891833595,595
1574705055932179195,606
1574705055962442589,604
1574705056012776336,602
1574705056053110369,603
1574705056093461996,605
1574705056133891179,600
1574705056174249295,607
1574705056214597443,596
1574705056254917348,595
1574705056295272569,589
1574705056325491784,600
1574705056365842476,597
1574705056406160130,603
1574705056446516637,604
1574705056486798803,601
1574705056527146122,597
1574705056567496745,608
1574705056607854641,604
1574705056648180777,606
1574705056688492547,599
1574705056728847865,593
1574705056769217349,598
1574705056809513415,603
1574705056849872723,601
1574705056890188371,605
1574705056930536258,596
1574705056970832147,597
1574705057011166940,596
1574705057051515355,600
1574705057091847353,590
1574705057132136783,600
1574705057172455801,598
1574705057212706374,602
1574705057242936636,591
1574705057293304762,601
1574705057323573269,595
1574705057373983459,600
1574705057414327088,598
1574705057454612421,591
1574705057494907751,594
1574705057525199761,599
1574705057565608142,597
1574705057616074964,598
1574705057646237670,592
1574705057686619230,596
1574705057726899931,592
1574705057767218041,596
1574705057807505568,592
1574705057847822076,589
1574705057888135165,589
1574705057938546678,589
1574705057978841047,578
1574705058019205950,590
1574705058049402108,590
1574705058089746484,590
1574705058140106459,594
1574705058190548347,589
1574705058210724506,583
1574705058251074493,586
1574705058291390031,585
1574705058331760974,588
1574705058372076775,590
1574705058412401863,589
1574705058452682778,583
1574705058492919845,592
1574705058533271341,590
1574705058573645873,585
1574705058613932703,588
1574705058654277317,587
1574705058694622380,589
1574705058734933432,594
1574705058775246791,586
1574705058815569758,584
1574705058855934556,587
1574705058896196095,589
1574705058936547231,583
1574705058966812719,588
1574705059007130624,588
1574705059047477484,593
1574705059097934577,586
1574705059128146982,593
1574705059178636272,588
1574705059208892749,592
1574705059249173337,589
1574705059289514191,593
1574705059339915593,585
1574705059370174096,589
1574705059410526295,587
1574705059450842877,592
1574705059491190151,581
1574705059531487340,594
1574705059571777293,586
1574705059612103447,595
1574705059652415081,586
1574705059692701676,599
1574705059743066814,587
1574705059773324620,590
1574705059813693491,587
1574705059854044027,593
1574705059894366391,597
1574705059934651895,595
1574705059964933467,593
1574705060005237632,597
1574705060045574242,591
1574705060095974488,599
1574705060136297001,595
1574705060166589410,598
1574705060206848605,596
1574705060247109163,602
1574705060297481402,598
1574705060327677744,604
1574705060378080860,600
1574705060408363592,600
1574705060458916419,607
1574705060499229727,608
1574705060539542936,604
1574705060569803216,602
1574705060610518611,604
1574705060650804838,601
1574705060691163067,602
1574705060731510057,605
1574705060771840300,601
1574705060812187570,605
1574705060852552410,600
1574705060892880746,608
1574705060933239720,599
1574705060973591427,603
1574705061013914309,599
1574705061054229784,605
1574705061084457729,592
1574705061134820037,591
1574705061175180461,583
1574705061215480878,585
1574705061245710291,586
1574705061296154953,593
1574705061326397137,591
1574705061366674507,589
1574705061417081281,585
1574705061457427879,587
1574705061487664386,585
1574705061528004947,587
1574705061568364145,584
1574705061608682199,593
1574705061648988417,591
1574705061689306990,592
1574705061729609581,591
1574705061769962939,594
1574705061810280685,587
1574705061850620033,587
1574705061890896000,587
1574705061941334523,585
1574705061971601615,581
1574705062011931388,589
1574705062052213241,583
1574705062092550541,574
1574705062132833642,572
1574705062173196684,574
1574705062213547340,567
1574705062253826820,572
1574705062294189754,561
1574705062334554205,572
1574705062364778794,566
1574705062415204897,566
1574705062455544317,565
1574705062495868567,563
1574705062536186639,565
1574705062566378836,561
1574705062606714877,560
1574705062647070056,563
1574705062687412341,561
1574705062727828008,568
1574705062778293343,559
1574705062808578388,565
1574705062848866593,558
1574705062889146603,560
1574705062929468516,557
1574705062969816828,572
1574705063010081601,556
1574705063050376358,560
1574705063090689735,563
1574705063131037446,565
1574705063171397302,558
1574705063211704519,561
1574705063252019677,559
1574705063292364401,549
1574705063332740401,542
1574705063373055315,544
1574705063413345517,541
1574705063453741917,537
1574705063484065581,527
1574705063534511427,528
1574705063574801810,522
1574705063615045535,534
1574705063655348911,537
1574705063695621731,537
1574705063736103819,534
1574705063766374854,534
1574705063816751300,536
1574705063857114686,534
1574705063887342432,536
1574705063937756835,537
1574705063978109001,531
1574705064008338032,538
1574705064058675419,535
1574705064088905977,540
1574705064129253880,536
1574705064169571443,540
1574705064209919403,541
1574705064250278871,547
1574705064300746629,551
1574705064341100582,549
1574705064371362208,561
1574705064411713298,562
1574705064462161804,557
1574705064492448195,562
1574705064532622372,565
1574705064582993917,566
1574705064623391251,571
1574705064663683955,580
1574705064714104450,571
1574705064734282500,573
1574705064764540725,569
1574705064814941855,572
1574705064855215983,574
1574705064895652737,579
1574705064935981530,578
1574705064976298671,579
1574705065016646974,573
1574705065056931261,574
1574705065087158584,567
1574705065127478286,571
1574705065167829070,564
1574705065208124057,572
1574705065248411664,567
1574705065288681476,565
1574705065329010696,558
1574705065369327347,560
1574705065409642849,563
1574705065450001005,567
1574705065490356677,562
1574705065530638990,567
1574705065570957480,567
1574705065611278548,570
1574705065661718731,570
1574705065702063815,563
1574705065732301304,577
1574705065772673695,571
1574705065812981353,574
1574705065853334996,579
1574705065893715452,581
1574705065944258808,584
1574705065984584285,587
1574705066024931182,590
1574705066075342114,581
1574705066095522716,590
1574705066135838835,592
1574705066176180150,589
1574705066216554399,586
1574705066256900537,589
1574705066287091328,593
1574705066337526807,579
1574705066367729941,583
1574705066408050067,591
1574705066448372492,591
1574705066488634133,597
1574705066539055209,591
1574705066579396719,590
1574705066609560014,591
1574705066649813011,593
1574705066690132706,595
1574705066730450663,596
1574705066770789069,599
1574705066821194489,593
1574705066851394134,586
1574705066891759088,586
1574705066932085454,588
1574705066982530025,596
1574705067032862376,595
1574705067053008727,592
1574705067093433763,591
1574705067133739010,599
1574705067174089986,590
1574705067214437253,588
1574705067254835633,581
1574705067295101882,578
1574705067335372297,567
1574705067375752245,583
1574705067416050495,586
1574705067456393784,581
1574705067486630535,591
1574705067526974123,596
1574705067567294067,591
1574705067607591200,595
1574705067658044257,590
1574705067698394716,598
1574705067728608749,588
1574705067778958478,583
1574705067809239598,584
1574705067849594201,588
1574705067889939968,589
1574705067930269673,596
1574705067970584704,595
1574705068010802780,608
1574705068051189405,612
1574705068101674785,617
1574705068152085616,616
1574705068182323895,628
1574705068212547139,624
1574705068252868571,628
1574705068303313911,630
1574705068343636516,628
1574705068373872787,628
1574705068414182931,634
1574705068464598766,630
1574705068494833824,634
1574705068535157795,631
1574705068575536169,628
1574705068615876048,623
1574705068656196811,616
1574705068696535253,611
1574705068736877320,596
1574705068777218390,603
1574705068817531377,600
1574705068847759465,581
1574705068898173376,587
1574705068938514386,580
1574705068978760297,591
1574705069009010933,586
1574705069049332121,587
1574705069089686380,576
1574705069129974897,591
1574705069170295554,582
1574705069210592574,586
1574705069250940410,583
1574705069291258675,580
1574705069331575447,578
1574705069371918414,571
1574705069412247945,556
1574705069452580057,563
1574705069492872060,568
1574705069533191021,556
1574705069573545253,565
1574705069613892868,554
1574705069654391316,543
1574705069694760743,544
1574705069735027208,515
1574705069775246205,531
1574705069815595406,514
1574705069855957804,497
1574705069886219181,490
1574705069936625808,487
1574705069976942223,476
1574705070007212891,485
1574705070047556181,468
1574705070087897880,469
1574705070128220078,471
1574705070168542432,474
1574705070208897708,489
1574705070249233104,474
1574705070289665875,469
1574705070329986860,472
1574705070370281112,455
1574705070410649904,456
1574705070450975178,438
1574705070491289807,438
1574705070541701601,419
1574705070571904409,431
1574705070612295694,410
1574705070652625955,426
1574705070692859459,388
1574705070733209900,395
1574705070773567155,383
1574705070813874718,376
1574705070854248874,377
1574705070884481821,373
1574705070924740806,355
1574705070965068002,354
1574705071005425621,346
1574705071045780784,344
1574705071086144149,339
1574705071126499693,341
1574705071166780755,336
1574705071207131541,327
1574705071247523187,318
1574705071287877213,325
1574705071328239206,302
1574705071368540781,291
1574705071408821712,279
1574705071449185486,271
1574705071489498150,255
1574705071529844080,244
1574705071570163970,233
1574705071610524745,222
1574705071650792219,204
1574705071691141717,199
1574705071731490164,189
1574705071771808798,194
1574705071812154774,189
1574705071852477277,201
1574705071892802639,213
1574705071923055341,217
1574705071963433966,225
1574705072003820153,237
1574705072044177884,239
1574705072084491748,241
1574705072124779018,234
1574705072165131020,233
1574705072205459281,240
1574705072245807217,238
1574705072286153319,236
1574705072326494244,226
1574705072366773107,222
1574705072407093402,215
1574705072447482704,212
1574705072487802151,210
1574705072528146118,202
1574705072568437787,206
1574705072608715498,202
1574705072649010052,212
1574705072689365307,210
1574705072729742052,217
1574705072770091779,227
1574705072810446531,226
1574705072850747915,237
1574705072891090805,249
1574705072931430917,247
1574705072971728757,255
1574705073012040652,258
1574705073052332831,254
1574705073092682882,258
1574705073133016808,265
1574705073173363667,266
1574705073213713909,269
1574705073243975070,256
1574705073284331358,265
1574705073324621757,279
1574705073365014588,269
1574705073405342973,263
1574705073445727140,277
1574705073486050984,269
1574705073526397718,272
1574705073566727508,268
1574705073607086423,274
1574705073647391127,272
1574705073687713458,270
1574705073728076983,259
1574705073768360298,253
1574705073808629790,251
1574705073848924711,254
1574705073889208301,249
1574705073929596420,254
1574705073969947502,259
1574705074010275784,260
1574705074050635384,270
1574705074090959344,270
1574705074131341976,269
1574705074171713658,276
1574705074212069058,278
1574705074252421309,282
1574705074302799128,280
1574705074333033751,277
1574705074373375725,265
1574705074413619042,273
1574705074453999570,249
1574705074494320978,256
1574705074524534278,253
1574705074564839178,262
1574705074605198229,257
1574705074645572307,245
1574705074685860487,254
1574705074726228108,266
1574705074766622365,260
1574705074817057426,265
1574705074847314928,261
1574705074887638318,267
1574705074927996857,255
1574705074968355606,260
1574705075008628584,254
1574705075048988137,267
1574705075089348769,263
1574705075129666992,253
1574705075170027114,257
1574705075210356387,257
1574705075250682592,253
1574705075291035052,254
1574705075331361180,241
1574705075371702282,240
1574705075412051451,218
1574705075452377067,234
1574705075482679183,209
1574705075533127791,217
1574705075563390975,214
1574705075603683622,210
1574705075654126639,216
1574705075684400019,217
1574705075724658738,216
1574705075765002907,218
1574705075805353370,210
1574705075845637732,203
1574705075885964403,185
1574705075926312008,191
1574705075966627029,198
1574705076006949888,210
1574705076047272320,203
1574705076087599384,212
1574705076127931009,198
1574705076168305872,214
1574705076208627991,224
1574705076248940145,210
1574705076289268363,216
1574705076329641235,210
1574705076369959981,196
1574705076410303739,201
1574705076450597458,196
1574705076490949655,203
1574705076531270769,205
1574705076571622654,206
1574705076611940774,199
1574705076652265588,201
1574705076682492939,195
1574705076732826177,196
1574705076763059810,195
1574705076803373822,206
1574705076843720275,201
1574705076884037777,207
1574705076924395587,196
1574705076964687986,214
1574705077015125833,209
1574705077045394224,205
1574705077085691998,209
1574705077126005940,219
1574705077166349382,214
1574705077206629903,216
1574705077246997811,220
1574705077287331162,235
1574705077327688073,238
1574705077368063109,236
1574705077408432778,220
1574705077448738423,225
1574705077489087954,225
1574705077529389884,221
1574705077569745278,233
1574705077610097358,231
1574705077650425488,217
1574705077690765913,220
1574705077731111832,223
1574705077771512173,217
1574705077811870294,217
1574705077852222734,220
1574705077892551049,208
1574705077932863999,230
1574705077973182554,245
1574705078013542175,276
1574705078064007709,298
1574705078104330045,308
1574705078154805200,313
1574705078195154533,348
1574705078245613731,359
1574705078285973174,362
1574705078336398769,380
1574705078376715852,390
1574705078406946247,406
1574705078427086531,421
1574705078457304019,424
1574705078497650455,431
1574705078527917436,460
1574705078568325752,474
1574705078608645463,481
1574705078648965688,501
1574705078689305450,505
1574705078729713998,516
1574705078770056048,516
1574705078820505932,525
1574705078860850639,530
1574705078901208176,523
1574705078931461859,519
1574705078971750145,519
1574705079012103870,518
1574705079052397706,526
1574705079092789016,528
1574705079143186132,529
1574705079183508257,547
1574705079223859683,540
1574705079254088612,537
1574705079294439629,536
1574705079334773431,538
1574705079375057196,534
1574705079415350103,522
1574705079455664055,521
1574705079496009782,516
1574705079536333857,522
1574705079566623913,522
1574705079617058993,523
1574705079667546188,528
1574705079707865963,524
1574705079738124133,523
1574705079768425382,531
1574705079818702140,524
1574705079848952277,531
1574705079899337990,522
1574705079929584713,531
1574705079980003869,533
1574705080020347931,541
1574705080060710215,543
1574705080111089090,547
1574705080151470475,543
1574705080181731846,542
1574705080212010449,540
1574705080252371041,550
1574705080292687775,554
1574705080343055866,544
1574705080373342549,560
1574705080413699614,563
1574705080464103170,563
1574705080504534775,571
1574705080544881812,566
1574705080575078532,572
1574705080615421065,580
1574705080665831934,577
1574705080696093126,580
1574705080736454904,585
1574705080786803048,577
1574705080817003941,581
1574705080857365785,582
1574705080897687824,583
1574705080927956016,576
1574705080978422643,578
1574705081018821042,575
1574705081049050979,577
1574705081099421707,572
1574705081129692297,576
1574705081170044982,577
1574705081210381399,584
1574705081250700522,584
1574705081291048223,584
1574705081341424177,584
1574705081381742034,582
1574705081412029928,582
1574705081452354603,588
1574705081502747866,578
1574705081532982869,587
1574705081573345491,578
1574705081613691436,584
1574705081654024949,587
1574705081694376159,580
1574705081734631406,582
1574705081774948218,589
1574705081815314193,591
1574705081855602987,601
1574705081906005253,591
1574705081936243278,597
1574705081976567836,589
1574705082016896450,596
1574705082057247887,601
1574705082097597104,599
1574705082137983287,602
1574705082178346747,598
1574705082218655040,593
1574705082258940282,596
1574705082299176114,595
1574705082339519988,595
1574705082379871451,595
1574705082420202959,596
1574705082460543734,594
1574705082500870566,596
1574705082531133787,588
1574705082571482411,593
1574705082611816838,581
1574705082652152345,599
1574705082702606315,589
1574705082732870989,593
1574705082773225804,598
1574705082813519138,602
1574705082863952657,606
1574705082904327101,608
1574705082944603613,605
1574705082974832586,607
1574705083015148096,603
1574705083055434353,608
1574705083105878775,606
1574705083136095141,613
1574705083176440771,611
1574705083216715437,609
1574705083257073928,607
1574705083297443237,611
1574705083337796221,606
1574705083378152516,608
1574705083418407038,610
1574705083458721762,608
1574705083499048472,607
1574705083539407582,604
1574705083569641561,604
1574705083620056124,604
1574705083670479140,604
1574705083710770316,604
1574705083751153833,603
1574705083781418756,604
1574705083811699149,608
1574705083862130834,611
1574705083902488518,608
1574705083942777626,609
1574705083973049473,609
1574705084023516570,610
1574705084063871107,607
1574705084094142062,604
1574705084134504736,608
1574705084174709331,604
1574705084215026254,604
1574705084255376068,608
1574705084295677184,610
1574705084346058652,611
1574705084396407263,609
1574705084426670777,605
1574705084456929145,614
1574705084497246961,612
1574705084537569604,607
1574705084577882260,611
1574705084618234280,610
1574705084658812448,615
1574705084699135013,608
1574705084739482091,606
1574705084779826637,603
1574705084820174700,606
1574705084850409068,602
1574705084900859109,603
1574705084941207374,605
1574705084981542063,604
1574705085021901359,606
1574705085062232604,609
1574705085092509312,607
1574705085132826267,607
1574705085183250916,606
1574705085213514497,605
1574705085253888202,603
1574705085294266718,603
1574705085344681870,604
1574705085385044451,603
1574705085415274589,601
1574705085455603981,603
1574705085496054640,604
1574705085546503337,598
1574705085576664083,598
1574705085617017437,601
1574705085667480903,598
1574705085697718079,599
1574705085738092283,599
1574705085778415799,607
1574705085818852888,600
1574705085859201071,604
1574705085899551992,604
1574705085939923292,601
1574705085980291228,603
1574705086010554284,604
1574705086060991245,606
1574705086111401418,605
1574705086141656687,610
1574705086182014349,603
1574705086222344864,602
1574705086262667185,596
1574705086292905659,598
1574705086333223794,601
1574705086383619722,603
1574705086413881599,600
1574705086454206213,606
1574705086494538666,607
1574705086534838874,603
1574705086575170653,606
1574705086615457146,599
1574705086655742446,606
1574705086696029854,593
1574705086736374534,603
1574705086776681434,592
1574705086817029241,598
1574705086857380702,591
1574705086897728491,592
1574705086938141083,584
1574705086978471405,592
1574705087018852111,590
1574705087059189171,592
1574705087099534112,594
1574705087139853469,592
1574705087180204656,599
1574705087210463988,600
1574705087260828754,597
1574705087301171887,603
1574705087331406356,604
1574705087371758703,601
1574705087412119731,602
1574705087462591896,598
1574705087492827197,598
1574705087543233085,595
1574705087583598771,591
1574705087613934699,600
1574705087664360447,598
1574705087694668767,603
1574705087745039756,595
1574705087775303505,595
1574705087815689486,597
1574705087866078539,597
1574705087906425793,596
1574705087936637137,595
1574705087976957856,592
1574705088017305508,587
1574705088057667454,590
1574705088098065754,590
1574705088138418005,585
1574705088178709072,588
1574705088219049652,592
1574705088259376564,586
1574705088299694095,587
1574705088340057631,581
1574705088380403095,586
1574705088420700241,587
1574705088461053176,584
1574705088501403309,579
1574705088541762029,579
1574705088582143351,580
1574705088622497769,587
1574705088672850380,580
1574705088703076959,583
1574705088733353678,583
1574705088783780159,583
1574705088824142302,589
1574705088874508742,579
1574705088904735051,587
1574705088945048610,578
1574705088975309547,581
1574705089015637032,580
1574705089055992247,578
1574705089096335693,578
1574705089136671109,580
1574705089187039783,573
1574705089217308996,575
1574705089257669021,573
1574705089298044626,574
1574705089338371887,574
1574705089378684150,576
1574705089419037912,570
1574705089459377528,571
1574705089499742023,577
1574705089540090627,572
1574705089580411282,581
1574705089620739389,574
1574705089651009564,583
1574705089701456054,585
1574705089741786687,579
1574705089782137148,577
1574705089812400022,581
1574705089852725428,578
1574705089893079929,577
1574705089933398916,579
1574705089973729761,582
1574705090024238881,590
1574705090064492227,581
1574705090094690275,581
1574705090134902868,581
1574705090185492074,580
1574705090215751541,585
1574705090256114312,586
1574705090306513079,587
1574705090346820916,590
1574705090397193440,596
1574705090437546021,596
1574705090477898365,598
1574705090528304466,603
1574705090568604514,597
1574705090598867382,599
1574705090629137698,588
1574705090659404331,598
1574705090699760450,598
1574705090740086332,597
1574705090780399193,597
1574705090820687287,593
1574705090861010345,594
1574705090901362584,598
1574705090941709386,599
1574705090992165077,600
1574705091032554431,600
1574705091082971470,599
1574705091103165670,598
1574705091143489335,597
1574705091183861712,604
1574705091224211836,588
1574705091264584148,589
1574705091304954395,595
1574705091335199499,599
1574705091375502887,593
1574705091415784346,589
1574705091456105678,597
1574705091496431488,588
1574705091536757127,588
1574705091587132764,590
1574705091627454850,583
1574705091657694276,584
1574705091698064995,589
1574705091738370768,590
1574705091778682368,586
1574705091819027271,590
1574705091859387252,594
1574705091909814636,589
1574705091940057763,582
1574705091980382201,591
1574705092020707790,586
1574705092062573218,582
1574705092092836443,588
1574705092133200121,581
1574705092173554019,589
1574705092213901449,588
1574705092254237771,593
1574705092304671639,584
1574705092344981658,589
1574705092375184903,585
1574705092425541287,589
1574705092455804325,587
1574705092496176433,588
1574705092536531509,586
1574705092576875822,584
1574705092617200019,581
1574705092657523259,584
1574705092697821684,584
1574705092738171080,580
1574705092778454458,594
1574705092818762802,590
1574705092859022673,588
1574705092899371770,586
1574705092939643933,584
1574705092979986579,592
1574705093020342031,590
1574705093060737040,595
1574705093101087067,598
1574705093141382911,589
1574705093181729756,584
1574705093222098352,590
1574705093252348475,589
1574705093302779154,592
1574705093333043747,589
1574705093373287180,590
1574705093423619443,586
1574705093463989639,588
1574705093494276685,586
1574705093544721625,594
1574705093585040638,586
1574705093615310578,595
1574705093655631320,586
1574705093695978095,592
1574705093736269886,592
1574705093786630085,594
1574705093826956589,586
1574705093867311375,590
1574705093897552029,592
1574705093937907483,589
1574705093978264519,592
1574705094018644212,594
1574705094069019331,597
1574705094109381336,602
1574705094159819089,590
1574705094190048335,598
1574705094220311329,600
1574705094260623700,593
1574705094300952837,596
1574705094341306799,600
1574705094381631855,593
1574705094421985699,609
1574705094462341624,597
1574705094502631942,607
1574705094542953484,596
1574705094583303503,602
1574705094613534025,594
1574705094653863739,606
1574705094694179270,598
1574705094734532026,601
1574705094774782489,594
1574705094815210738,592
1574705094855560118,591
1574705094895815374,611
1574705094936160829,600
1574705094976562774,604
1574705095016887685,599
1574705095057244643,604
1574705095097584639,601
1574705095137947375,601
1574705095188380202,601
1574705095228668403,592
1574705095258958858,603
1574705095299310572,609
1574705095349749930,601
1574705095379982904,603
1574705095420301775,596
1574705095460623653,586
1574705095500943577,589
1574705095541299534,589
1574705095581650109,593
1574705095632079318,581
1574705095662349434,590
1574705095702659598,592
1574705095743006070,597
1574705095783343157,586
1574705095823667284,585
1574705095864065753,590
1574705095904410219,596
1574705095934547014,597
1574705095985023014,588
1574705096025336839,595
1574705096065658242,596
1574705096106070707,594
1574705096136331825,597
1574705096176657408,600
1574705096227057073,587
1574705096257291744,603
1574705096297639697,596
1574705096338044030,601
1574705096378342504,594
1574705096418656787,606
1574705096458924002,589
1574705096499290428,595
1574705096539603401,590
1574705096579949878,605
1574705096620360187,594
1574705096660728304,607
1574705096701074702,597
1574705096741441545,603
1574705096781802529,598
1574705096822155715,598
1574705096862456136,601
1574705096912900941,601
1574705096953254371,598
1574705096983523105,602
1574705097023875196,597
1574705097064230259,606
1574705097104534788,604
1574705097144969324,608
1574705097185319236,604
1574705097225649516,614
1574705097265981294,603
1574705097296219022,610
1574705097346629510,609
1574705097386960549,601
1574705097427310063,605
1574705097457539234,604
1574705097497871227,602
1574705097538204411,610
1574705097578562674,607
1574705097618822575,609
1574705097659143550,609
1574705097709583355,604
1574705097739846034,609
1574705097790216226,610
1574705097830573579,604
1574705097860808413,606
1574705097901127467,606
1574705097941482330,610
1574705097991877636,599
1574705098022144433,605
1574705098062441631,602
1574705098102859159,608
1574705098143094615,604
1574705098183415796,606
1574705098223726369,605
1574705098264026107,610
1574705098304311507,608
1574705098344603103,612
1574705098384954402,605
1574705098425344323,609
1574705098465684203,604
1574705098495947809,611
1574705098546349371,607
1574705098586688561,617
1574705098616915533,605
1574705098657195554,617
1574705098707606845,613
1574705098737874997,609
1574705098778234968,618
1574705098828600751,615
1574705098868933833,621
1574705098909276068,618
1574705098939507356,621
1574705098989916573,625
1574705099030227563,621
1574705099070549291,624
1574705099100774189,616
1574705099141146406,618
1574705099181513154,625
1574705099221858499,618
1574705099262336304,619
1574705099302727755,616
1574705099343075867,615
1574705099383453175,617
1574705099423799436,621
1574705099464117148,623
1574705099504473176,623
1574705099544790651,630
1574705099585211942,628
1574705099625598781,629
1574705099665957205,625
1574705099706328887,624
1574705099746628743,626
1574705099786942961,627
1574705099817211743,634
1574705099867627608,632
1574705099897867534,625
1574705099938202238,625
1574705099988571850,625
1574705100028897044,627
1574705100069249936,630
1574705100119644992,634
1574705100159982002,631
1574705100200309576,636
1574705100230547599,627
1574705100270839829,640
1574705100301044902,632
1574705100341430440,634
1574705100381749943,638
1574705100422105797,629
1574705100462425471,628
1574705100502707868,635
1574705100543057489,635
1574705100583404919,635
1574705100623758009,637
1574705100674261767,631
1574705100714625926,634
1574705100744863062,635
1574705100785262860,634
1574705100825612267,633
1574705100865945703,627
1574705100896215975,627
1574705100946643682,631
1574705100986969285,624
1574705101017236768,630
1574705101067667561,629
1574705101097897584,624
1574705101138254152,631
1574705101188690229,625
1574705101218924580,624
1574705101259263578,629
1574705101299606241,624
1574705101339904186,628
1574705101390385329,626
1574705101420604548,633
1574705101471042626,630
1574705101501270160,633
1574705101551765135,630
1574705101582038275,632
1574705101622640071,635
1574705101662945849,634
1574705101703312066,634
1574705101753763256,636
1574705101794098837,642
1574705101834457679,631
1574705101864669126,633
1574705101904996722,636
1574705101945377905,632
1574705101985733683,631
1574705102026055836,641
1574705102066372538,634
1574705102106806237,643
1574705102147161744,640
1574705102187511486,634
1574705102227854172,640
1574705102258118919,640
1574705102308523898,647
1574705102348816494,643
1574705102389136596,639
1574705102429492072,649
1574705102459751041,638
1574705102500093020,641
1574705102540439719,644
1574705102580756721,643
1574705102621102607,642
1574705102661428761,643
1574705102701780072,639
1574705102742109790,647
1574705102782445808,640
1574705102832959230,646
1574705102863189871,642
1574705102903523835,650
1574705102943893086,646
1574705102984250071,652
1574705103024541041,649
1574705103064822363,651
1574705103105176251,652
1574705103145467007,654
1574705103185752609,651
1574705103226073711,655
1574705103266394582,652
1574705103306683501,652
1574705103347000066,652
1574705103387323549,658
1574705103427633268,654
1574705103467963586,653
1574705103518457914,651
1574705103548852897,654
1574705103589172322,649
1574705103629573266,648
1574705103669897195,640
1574705103710251082,652
1574705103740518352,634
1574705103780845854,636
1574705103821287467,642
1574705103861644090,640
1574705103902003930,638
1574705103942359586,637
1574705103982684313,632
1574705104022930291,637
1574705104063283306,638
1574705104103630125,642
1574705104143951206,643
1574705104184302491,636
1574705104224633253,636
1574705104264921816,640
1574705104315360387,645
1574705104355677604,642
1574705104385949377,648
1574705104426308946,643
1574705104466608327,648
1574705104506925045,644
1574705104547280632,654
1574705104587603990,653
1574705104617878634,643
1574705104668325346,649
1574705104708652042,648
1574705104748894531,643
1574705104779177171,650
1574705104829534606,646
1574705104859768528,642
1574705104900119419,640
1574705104940488556,646
1574705104980770789,641
1574705105031134216,645
1574705105071414855,640
1574705105111740817,640
1574705105152068801,649
1574705105192421111,643
1574705105232695697,642
1574705105273060201,639
1574705105303322316,634
1574705105343642984,632
1574705105384001510,622
1574705105424351370,632
1574705105464670418,630
1574705105505008700,632
1574705105545359133,634
1574705105585651424,628
1574705105625922212,634
1574705105666247247,627
1574705105706596225,641
1574705105746910419,628
1574705105787233191,631
1574705105827491122,629
1574705105867867464,640
1574705105908245104,635
1574705105938474763,633
1574705105988874700,636
1574705106029236264,633
1574705106059494425,632
1574705106099819249,638
1574705106140182272,631
1574705106180537741,641
1574705106220856377,632
1574705106261216355,633
1574705106301537697,632
1574705106341860101,633
1574705106382142878,633
1574705106432533958,632
1574705106462784355,630
1574705106503124618,628
1574705106543410530,628
1574705106593848286,630
1574705106634218213,631
1574705106674507018,627
1574705106714844898,629
1574705106745079024,624
1574705106785396816,630
1574705106825710874,627
1574705106866053323,623
1574705106906370669,625
1574705106946698193,620
1574705106987014069,634
1574705107027308049,630
1574705107067667335,625
1574705107107982450,628
1574705107148411493,627
1574705107178641340,620
1574705107218976808,628
1574705107259321863,619
1574705107299613594,624
1574705107339974131,621
1574705107380338377,620
1574705107430749827,626
1574705107471043259,627
1574705107511369937,627
1574705107551684939,623
1574705107592044242,630
1574705107622277600,630
1574705107672684233,631
1574705107712960724,625
1574705107753324707,628
1574705107783593049,627
1574705107823921374,626
1574705107864266753,629
1574705107904534168,625
1574705107944845595,621
1574705107985198135,627
1574705108025594480,620
1574705108065949619,626
1574705108106269970,623
1574705108156673768,632
1574705108197015866,623
1574705108227258502,622
1574705108277690588,620
1574705108318009069,623
1574705108348277158,623
1574705108388679590,621
1574705108428941464,634
1574705108469303849,626
1574705108509654207,625
1574705108549999804,627
1574705108590290529,628
1574705108620530192,621
1574705108670909393,633
1574705108701140524,626
1574705108741493755,625
1574705108781851154,621
1574705108832293264,623
1574705108862533057,619
1574705108902888004,619
1574705108953299351,619
1574705108993642015,616
1574705109034032206,617
1574705109064300356,616
1574705109104763872,622
1574705109155277414,616
1574705109185874614,617
1574705109226224721,621
1574705109266640765,629
1574705109306961295,625
1574705109347316856,629
1574705109387669378,625
1574705109428041393,624
1574705109468339017,632
1574705109508628782,629
1574705109548940991,634
1574705109589291590,629
1574705109629607026,630
1574705109659894315,630
1574705109710280910,624
1574705109750578205,625
1574705109780792080,625
1574705109831227475,627
1574705109871520760,634
1574705109911869395,624
1574705109952218891,632
1574705109992540535,625
1574705110032838963,635
1574705110073216005,636
1574705110113507803,629
1574705110153856950,632
1574705110194183191,641
1574705110234584458,626
1574705110264799428,637
1574705110305130506,624
1574705110345431393,641
1574705110386220648,629
1574705110426581096,639
1574705110466938936,632
1574705110507293768,630
1574705110547705473,632
1574705110588017900,636
1574705110628382040,628
1574705110668784651,634
1574705110709137474,632
1574705110749395364,631
1574705110789743928,631
1574705110830067498,634
1574705110870413558,631
1574705110910706089,636
1574705110950988414,621
1574705110991314713,622
1574705111031704638,623
1574705111061985335,623
1574705111112374808,624
1574705111152664998,618
1574705111182922810,617
1574705111223284674,614
1574705111263605464,617
1574705111303896215,617
1574705111344257876,625
1574705111394713016,629
1574705111435023228,639
1574705111485471443,624
1574705111515739908,625
1574705111556090657,631
1574705111596437262,631
1574705111636760492,629
1574705111677101501,627
1574705111707371167,630
1574705111747622203,635
1574705111787970947,639
1574705111828314622,626
1574705111868667607,631
1574705111919108797,626
1574705111959444816,624
1574705111999863981,622
1574705112040184711,630
1574705112080487939,621
1574705112120808017,628
1574705112151069397,625
1574705112191402013,629
1574705112231749312,627
1574705112272111628,626
1574705112312414478,624
1574705112352747669,624
1574705112382992841,625
1574705112433440853,628
1574705112473766420,625
1574705112514069822,631
1574705112554382585,633
1574705112604778306,629
1574705112645069251,631
1574705112675257017,630
1574705112715621221,632
1574705112755991235,634
1574705112796355664,626
1574705112826628676,637
1574705112877004922,624
1574705112907241085,630
1574705112957695464,634
1574705112987957347,625
1574705113028372399,626
1574705113068702179,634
1574705113109054620,617
1574705113149401463,628
1574705113189702463,624
1574705113230021087,631
1574705113270423114,626
1574705113310688868,634
1574705113350966681,620
1574705113391318392,632
1574705113431676871,628
1574705113461954091,629
1574705113502309504,627
1574705113552754697,626
1574705113583007074,624
1574705113623326677,628
1574705113663647071,627
1574705113703962701,628
1574705113744323647,627
1574705113784602208,635
1574705113824884198,627
1574705113865172053,631
1574705113905540794,637
1574705113955982287,638
1574705113986328005,640
1574705114036693265,639
1574705114077049606,639
1574705114117413525,639
1574705114157765555,638
1574705114187956017,640
1574705114228256617,634
1574705114268632922,640
1574705114308956484,638
1574705114349316353,642
1574705114389674340,636
1574705114430003942,639
1574705114470302563,632
1574705114510602839,638
1574705114550931352,632
1574705114591254941,633
1574705114631568116,632
1574705114671932323,633
1574705114712260181,636
1574705114742524051,637
1574705114792965273,634
1574705114823225884,634
1574705114873630044,631
1574705114913996004,639
1574705114954345700,639
1574705114994639893,642
1574705115034936932,647
1574705115085340516,639
1574705115125697420,634
1574705115155935345,641
1574705115206344337,640
1574705115246639633,634
1574705115286992583,642
1574705115327354462,640
1574705115367639393,639
1574705115407996331,639
1574705115448356092,633
1574705115488655872,633
1574705115528955597,632
1574705115569311342,641
1574705115609702330,636
1574705115650009098,634
1574705115690333612,629
1574705115730658155,632
1574705115770972757,637
1574705115811286719,639
1574705115841548074,628
1574705115891954176,638
1574705115932280578,636
1574705115972576808,639
1574705116012829203,634
1574705116053160913,636
1574705116093518465,638
1574705116133868370,642
1574705116174187723,635
1574705116214529950,637
1574705116254843156,635
1574705116295178908,641
1574705116335542309,632
1574705116375895861,642
1574705116416184853,633
1574705116456529309,635
1574705116496815087,640
1574705116537120905,640
1574705116577482870,641
1574705116617849041,636
1574705116658335480,634
1574705116688527709,642
1574705116738903504,639
1574705116769164745,643
1574705116809462826,642
1574705116849780939,642
1574705116890124885,644
1574705116940555836,641
1574705116980898170,643
1574705117021554116,643
1574705117061881601,637
1574705117102213636,643
1574705117142563891,642
1574705117182781249,647
1574705117223104864,643
1574705117263467119,638
1574705117303801889,645
1574705117344164737,638
1574705117374399881,637
1574705117424818033,642
1574705117465245453,637
1574705117505602833,643
1574705117545965213,641
1574705117586323259,639
1574705117626597056,642
1574705117666928437,641
1574705117707302754,640
1574705117747658088,641
1574705117787979835,640
1574705117828306809,639
1574705117868550136,631
1574705117908835143,637
1574705117949161206,638
1574705117989493820,639
1574705118029851547,639
1574705118070220540,640
1574705118120665409,638
1574705118161011060,638
1574705118201305721,639
1574705118241752665,640
1574705118282117005,637
1574705118322443365,636
1574705118362739128,636
1574705118403077720,634
1574705118443439050,629
1574705118483790857,635
1574705118524160444,635
1574705118564479566,635
1574705118604806704,632
1574705118645247082,631
1574705118685632307,634
1574705118725921440,623
1574705118766279565,631
1574705118806602634,631
1574705118846914236,634
1574705118887234763,633
1574705118927557637,632
1574705118967898660,635
1574705119008248319,629
1574705119048545753,621
1574705119088800112,633
1574705119139237120,629
1574705119179524931,626
1574705119219856619,630
1574705119260204750,629
1574705119300570968,632
1574705119340930752,622
1574705119381292169,634
1574705119421611179,627
1574705119462036229,634
1574705119502336151,626
1574705119552697678,628
1574705119593009931,638
1574705119633291589,632
1574705119673645357,632
1574705119713946945,624
1574705119754414539,633
1574705119794743204,633
1574705119835091334,631
1574705119875453270,631
1574705119915808948,636
1574705119956163385,635
1574705119996537519,635
1574705120036863863,633
1574705120077216355,627
1574705120117548276,631
1574705120157903165,624
1574705120208272184,629
1574705120248551598,622
1574705120288859631,633
1574705120329173294,625
1574705120369526172,628
1574705120409850384,620
1574705120460292882,633
1574705120500568644,629
1574705120540981387,628
1574705120581304665,635
1574705120621658975,632
1574705120662206109,622
1574705120702537896,631
1574705120742933095,628
1574705120793367802,629
1574705120833701496,627
1574705120874042634,629
1574705120914393229,624
1574705120954702698,618
1574705120995023993,620
1574705121035367809,623
1574705121075720653,618
1574705121116039792,620
1574705121166509227,626
1574705121206824867,616
1574705121247148783,624
1574705121287476299,620
1574705121327880030,623
1574705121378354094,620
1574705121418576955,617
1574705121458866544,620
1574705121499200476,614
1574705121549670829,612
1574705121589988311,611
1574705121630346038,615
1574705121670645003,608
1574705121710938654,620
1574705121751231440,606
1574705121801598543,611
1574705121841960975,605
1574705121882278024,614
1574705121922601098,607
1574705121962922854,615
1574705122013359261,606
1574705122053655016,612
1574705122093969808,604
1574705122134300854,609
1574705122174594889,606
1574705122224941134,608
1574705122265263682,607
1574705122305620204,612
1574705122345972900,604
1574705122386317225,616
1574705122436693009,603
1574705122477017398,610
1574705122527472064,611
1574705122567750787,611
1574705122608144724,613
1574705122648460902,615
1574705122698837127,617
1574705122739160763,606
1574705122779520279,615
1574705122819940061,614
1574705122870395197,612
1574705122910650904,613
1574705122950998696,614
1574705122991354236,609
1574705123041808529,609
1574705123082132257,602
1574705123122450485,597
1574705123162772956,600
1574705123203035056,601
1574705123253498314,604
1574705123293859829,605
1574705123334176406,597
1574705123384626881,598
1574705123425077818,602
1574705123465436139,603
1574705123505725434,598
1574705123556140473,594
1574705123596426409,596
1574705123636691955,593
1574705123687135436,600
1574705123727429674,589
1574705123767764440,599
1574705123808126620,594
1574705123858525474,594
1574705123898794179,588
1574705123939151395,594
1574705123989527793,593
1574705124029910096,598
1574705124070234530,599
1574705124120607562,601
1574705124160957832,597
1574705124201259772,603
1574705124241593007,596
1574705124292010265,599
1574705124332376599,595
1574705124372640012,601
1574705124423045859,595
1574705124463379275,596
1574705124503728610,599
1574705124554111578,602
1574705124594466593,602
1574705124634761891,606
1574705124675077930,596
1574705124725455589,596
1574705124765777398,596
1574705124816230979,607
1574705124856534617,600
1574705124906923212,598
1574705124957376993,600
1574705124997701505,597
1574705125038067238,596
1574705125078580996,603
1574705125118885192,595
1574705125169289074,602
1574705125209667967,604
1574705125260054811,601
1574705125300411947,610
1574705125340766976,606
1574705125391189734,602
1574705125431516156,609
1574705125471895446,609
1574705125512245662,607
1574705125562645102,605
1574705125602983129,599
1574705125643412340,602
1574705125693830712,604
1574705125734182730,600
1574705125784539938,605
1574705125824867496,602
1574705125875289598,603
1574705125915657861,607
1574705125955965472,605
1574705126006403537,604
1574705126046730598,605
1574705126087086783,611
1574705126137556249,599
1574705126177975351,608
1574705126228382080,609
1574705126268633522,608
1574705126308984957,606
1574705126349333948,596
1574705126399778194,602
1574705126450214145,596
1574705126490564487,595
1574705126530925298,593
1574705126571289990,596
1574705126621759974,589
1574705126662035625,592
1574705126702412727,596
1574705126752825697,588
1574705126793153001,596
1574705126843504875,586
1574705126883828223,595
1574705126924167345,589
1574705126974632192,581
1574705127014945748,583
1574705127065320935,587
1574705127105682080,587
1574705127156060708,585
1574705127196429250,585
1574705127246775601,585
1574705127287050714,585
1574705127337465954,589
1574705127377781683,593
1574705127418143671,584
1574705127468564860,595
1574705127518967965,593
1574705127559224520,581
1574705127599592594,592
1574705127650022598,588
1574705127690357530,588
1574705127740761442,584
1574705127781092465,588
1574705127831512190,585
1574705127871896251,581
1574705127922316849,580
1574705127972699521,579
1574705128012991546,579
1574705128053307465,577
1574705128093631441,578
1574705128144049640,569
1574705128184401705,585
1574705128234802944,572
1574705128285237948,572
1574705128325586864,578
1574705128375952459,571
1574705128416307503,576
1574705128456653794,577
1574705128507082604,570
1574705128547443546,560
1574705128587779783,565
1574705128638196571,557
1574705128678579858,567
1574705128728926039,561
1574705128769233069,556
1574705128809590856,569
1574705128859971110,556
1574705128900335574,563
1574705128950727909,565
1574705128991019755,560
1574705129031373369,564
1574705129081791448,563
1574705129122077590,560
1574705129172547581,561
1574705129212864130,564
1574705129253250816,567
1574705129303698279,562
1574705129344036786,563
1574705129394445923,569
1574705129434854250,563
1574705129485241556,563
1574705129535651446,563
1574705129576013659,560
1574705129616370819,560
1574705129666779061,557
1574705129717218207,557
1574705129757578788,546
1574705129797930626,563
1574705129848392069,558
1574705129888669290,559
1574705129939113923,553
1574705129979421827,555
1574705130029798151,567
1574705130070154260,554
1574705130110540564,563
1574705130160948351,569
1574705130201317818,562
1574705130251710929,558
1574705130292039809,552
1574705130342452702,553
1574705130392920236,551
1574705130433213589,555
1574705130483639726,550
1574705130523933477,548
1574705130574333487,553
1574705130614636596,551
1574705130665035238,547
1574705130715480797,543
1574705130765913554,545
1574705130806273588,538
1574705130856695952,537
1574705130896990438,541
1574705130957472646,541
1574705130997838035,541
1574705131048362116,549
1574705131098748055,542
1574705131149182280,536
1574705131189490869,546
1574705131239916652,548
1574705131280268568,561
1574705131330771230,556
1574705131381190547,556
1574705131421495371,560
1574705131481906960,559
1574705131522263973,575
1574705131572619584,563
1574705131612912886,571
1574705131663352396,566
1574705131713719144,568
1574705131764113625,562
1574705131804382684,548
1574705131854753408,546
1574705131905149451,542
1574705131955555796,530
1574705132006011086,534
1574705132056422006,521
1574705132096689449,519
1574705132147111106,528
1574705132197555971,510
1574705132237926118,493
1574705132288244849,502
1574705132338608555,493
1574705132378883153,486
1574705132429264883,493
1574705132479716558,515
1574705132520046891,507
1574705132570493323,525
1574705132620939297,542
1574705132671322546,551
1574705132711618977,557
1574705132762006838,566
1574705132802477980,566
1574705132852952863,563
1574705132903368638,560
1574705132943662862,566
1574705132983964944,549
1574705133034392509,497
1574705133084738082,477
1574705133125078360,464
1574705133175502655,449
1574705133225919923,460
1574705133276301308,457
1574705133326688247,431
1574705133367007434,428
1574705133417453917,446
1574705133467897591,436
1574705133508349280,484
1574705133558777252,565
1574705133599119019,605
1574705133649533029,636
1574705133699969855,662
1574705133750388146,658
1574705133790724085,661
1574705133841134567,661
1574705133891537857,672
1574705133931862890,674
1574705133982269835,684
1574705134022563275,680
1574705134072984730,676
1574705134113349336,675
1574705134173808806,671
1574705134214263669,669
1574705134264674780,670
1574705134315053910,672
1574705134355410018,676
1574705134405830089,679
1574705134456210253,675
1574705134506599422,677
1574705134566990621,675
1574705134607270487,676
1574705134657664070,679
1574705134708037981,671
1574705134748371615,684
1574705134798797006,675
1574705134849147413,680
1574705134899569512,684
1574705134960026959,676
1574705135010388277,683
1574705135060758212,693
1574705135121141187,686
1574705135161489525,695
1574705135212001564,690
1574705135262433002,689
1574705135312783537,692
1574705135363163873,690
1574705135413553554,686
1574705135473975050,684
1574705135524698943,682
1574705135575080780,689
1574705135625507850,685
1574705135675895066,671
1574705135726312377,673
1574705135766616367,673
1574705135817081519,677
1574705135867484275,683
1574705135917849547,680
1574705135958169944,674
1574705136008570293,672
1574705136058988822,666
1574705136099283544,661
1574705136149667037,661
1574705136200084680,665
1574705136250497486,675
1574705136290801080,674
1574705136341238573,674
1574705136391736557,671
1574705136432086231,685
1574705136482495615,680
1574705136532862139,677
1574705136573216972,684
1574705136623655844,683
1574705136674054933,677
1574705136724477267,677
1574705136764760896,675
1574705136815086404,668
1574705136865501218,665
1574705136905812305,665
1574705136956274488,667
1574705137006630788,679
1574705137057040971,676
1574705137107419439,681
1574705137147757648,673
1574705137198152025,667
1574705137248538801,668
1574705137298967913,663
1574705137339327237,659
1574705137389784471,662
1574705137440220417,659
1574705137480551725,651
1574705137530954528,660
1574705137581291850,659
1574705137631701299,669
1574705137672018776,658
1574705137722464571,662
1574705137772878446,662
1574705137823259121,659
1574705137863582183,664
1574705137913980367,658
1574705137954312246,660
1574705138004838940,656
1574705138055274851,656
1574705138095605494,643
1574705138145983118,638
1574705138196400114,624
1574705138236694114,618
1574705138287149331,608
1574705138347659522,594
1574705138388005736,586
1574705138438428222,567
1574705138488833675,565
1574705138529099453,560
1574705138579538292,549
1574705138629999338,541
1574705138680447144,538
1574705138720776851,532
1574705138771225570,524
1574705138821664368,525
1574705138862014400,517
1574705138912434788,500
1574705138962791369,502
1574705139013237221,503
1574705139063670446,492
1574705139104011228,491
1574705139154430125,471
1574705139204812591,455
1574705139265442462,443
1574705139315843070,431
1574705139356174024,388
1574705139406597878,389
1574705139457030597,367
1574705139507546928,363
1574705139557974267,364
1574705139608320996,359
1574705139658728917,350
1574705139709154440,352
1574705139749445342,348
1574705139799854359,342
1574705139850270446,354
1574705139900772269,335
1574705139941116676,338
1574705139991500070,333
1574705140041881614,303
1574705140092318680,312
1574705140142712880,312
1574705140193154655,314
1574705140233478222,290
1574705140283913503,284
1574705140334340990,289
1574705140384699316,279
1574705140425013860,283
1574705140475416068,273
1574705140525763522,254
1574705140566131885,256
1574705140616489845,263
1574705140666832600,286
1574705140717284325,278
1574705140757644316,298
1574705140808385858,311
1574705140858790472,312
1574705140909169904,309
1574705140959654480,349
1574705141010106645,371
1574705141060554481,378
1574705141100876703,364
1574705141151348412,438
1574705141201785414,430
1574705141242145589,422
1574705141292539283,420
1574705141342958301,412
1574705141393424083,410
1574705141443834913,411
1574705141494323155,413
1574705141534615000,430
1574705141585070323,438
1574705141635395235,452
1574705141685798765,461
1574705141736246467,468
1574705141776646324,472
1574705141827076462,472
1574705141877520991,481
1574705141927966142,488
1574705141968307718,493
1574705142018732306,496
1574705142069128930,495
1574705142119502515,500
1574705142159848249,499
1574705142220425452,502
1574705142270773593,499
1574705142321168248,501
1574705142371625018,503
1574705142422033378,498
1574705142472504824,499
1574705142522995894,494
1574705142573434139,490
1574705142623861321,489
1574705142674295639,486
1574705142734792454,488
1574705142785102127,485
1574705142835484496,483
1574705142875844927,490
1574705142926271457,495
1574705142976741010,489
1574705143027124915,494
1574705143077570964,489
1574705143128022415,490
1574705143168410532,482
1574705143218960808,481
1574705143269403765,481
1574705143319806769,478
1574705143370250050,479
1574705143410615352,479
1574705143461000744,465
1574705143511424518,467
1574705143561795504,467
1574705143612198637,469
1574705143662596820,471
1574705143713010562,470
1574705143763445332,464
1574705143813899833,460
1574705143854231023,455
1574705143904551804,434
1574705143954994036,377
1574705144005418339,345
1574705144055860881,317
1574705144106292038,302
1574705144156637419,276
1574705144207075420,263
1574705144257540412,215
1574705144307911526,216
1574705144348168661,217
1574705144398556993,219
1574705144449005042,219
1574705144499537305,221
1574705144549973777,221
1574705144600415390,238
1574705144640711678,236
1574705144691157337,251
1574705144741563140,279
1574705144791946316,277
1574705144842314793,284
1574705144892683773,320
1574705144943130114,336
1574705144993579567,343
1574705145044018800,371
1574705145094462055,400
1574705145144839173,417
1574705145195301007,433
1574705145235614547,474
1574705145286061015,489
1574705145336516500,504
1574705145386997548,504
1574705145437456051,502
1574705145487837696,499
1574705145538249673,492
1574705145588662209,493
1574705145639072678,495
1574705145689476919,497
1574705145729805116,483
1574705145780248811,502
1574705145830746555,495
1574705145881189365,497
1574705145931534127,502
1574705145971782989,503
1574705146022182017,515
1574705146072540958,506
1574705146122912635,526
1574705146173355092,511
1574705146223800591,517
1574705146274245014,524
1574705146324702590,523
1574705146375148183,520
1574705146425532935,533
1574705146475891592,521
1574705146526310918,524
1574705146576699332,523
1574705146627146345,510
1574705146677587939,514
1574705146728020333,514
1574705146778472844,511
1574705146828813640,503
1574705146879260524,509
1574705146939703650,514
1574705146990123847,512
1574705147040540779,506
1574705147090977421,506
1574705147141420849,503
1574705147191821424,494
1574705147242200486,496
1574705147292596897,489
1574705147342942840,498
1574705147393397675,483
1574705147443845734,491
1574705147484175806,486
1574705147534572954,474
1574705147584984196,487
1574705147645519645,474
1574705147695964650,480
1574705147746353374,478
1574705147796772845,481
1574705147847276962,477
1574705147887631032,480
1574705147938058208,487
1574705147988489328,481
1574705148038859159,478
1574705148089285818,480
1574705148139741247,482
1574705148190103990,472
1574705148240558561,475
1574705148290955402,464
1574705148341411646,470
1574705148391882908,477
1574705148442325111,469
1574705148492704015,466
1574705148543142714,471
1574705148593553604,476
1574705148644002097,471
1574705148694412715,481
1574705148744764696,483
1574705148785134854,489
1574705148835624137,503
1574705148886041786,489
1574705148936492767,492
1574705148986907837,487
1574705149037312820,504
1574705149087702877,511
1574705149138146504,509
1574705149188528732,505
1574705149238947818,507
1574705149289346963,513
1574705149339791045,512
1574705149390160685,508
1574705149440549197,512
1574705149490877973,514
1574705149541283984,514
1574705149591721533,520
1574705149642051949,506
1574705149692595960,512
1574705149743039157,520
1574705149793454981,531
1574705149843902731,544
1574705149894354883,539
1574705149944898900,546
1574705149995285935,548
1574705150045734066,547
1574705150096215376,548
1574705150146642185,542
1574705150197017820,532
1574705150247378780,534
1574705150297831312,528
1574705150348271653,526
1574705150398705930,529
1574705150459227292,527
1574705150509651701,526
1574705150560068938,525
1574705150610477627,524
1574705150660810219,520
1574705150711232421,529
1574705150761647193,527
1574705150812091681,521
1574705150862524486,528
1574705150912945165,515
1574705150963359963,512
1574705151013804251,505
1574705151064206106,511
1574705151114635040,501
1574705151165079248,497
1574705151215536790,503
1574705151265983395,498
1574705151316450034,490
1574705151366842488,487
1574705151417251720,477
1574705151467676521,473
1574705151518078377,473
1574705151568527802,474
1574705151618931143,468
1574705151669432080,476
1574705151729921661,479
1574705151780379926,482
1574705151830763602,479
1574705151881175143,495
1574705151931588931,494
1574705151982031352,492
1574705152032476376,500
1574705152082900078,513
1574705152133239170,508
1574705152183659069,508
1574705152244126290,511
1574705152294565870,511
1574705152344999862,506
1574705152395441855,512
1574705152445819103,507
1574705152496215807,506
1574705152546638962,508
1574705152597026798,504
1574705152647454514,503
1574705152697877733,505
1574705152748295453,496
1574705152798718362,494
1574705152849167850,506
1574705152909668361,492
1574705152949961497,486
1574705153000356519,492
1574705153060857755,493
1574705153111275664,483
1574705153161622771,491
1574705153222134172,485
1574705153272556020,495
1574705153322967310,493
1574705153373384446,492
1574705153423825443,496
1574705153474272515,499
1574705153534749270,502
1574705153585125875,503
1574705153635593226,507
1574705153686071046,500
1574705153736527011,509
1574705153786890534,519
1574705153837311669,523
1574705153897793833,526
1574705153948268443,514
1574705153998640673,528
1574705154049045115,535
1574705154099433788,521
1574705154149850042,533
1574705154200204274,519
1574705154260685649,525
1574705154311123338,530
1574705154361559057,527
1574705154412008524,536
1574705154472531326,529
1574705154522936921,527
1574705154573392674,538
1574705154623818072,543
1574705154684307597,553
1574705154734692863,554
1574705154785080729,558
1574705154835529431,558
1574705154896048213,561
1574705154946480614,565
1574705154996881321,561
1574705155047289874,555
1574705155107760254,556
1574705155158212603,540
1574705155208594819,545
1574705155258967607,534
1574705155319428555,525
1574705155369838232,528
1574705155420270946,529
1574705155470621016,526
1574705155531062048,535
1574705155581518358,525
1574705155631963011,519
1574705155682403517,534
1574705155732812557,534
1574705155783214038,537
1574705155843715830,520
1574705155904092877,523
1574705155954502222,523
1574705156004910298,526
1574705156055328572,527
1574705156115867827,527
1574705156166267480,511
1574705156216593836,514
1574705156267022666,513
1574705156317413054,525
1574705156377964343,532
1574705156428389111,530
1574705156488868570,525
1574705156539306146,535
1574705156589711322,534
1574705156650250117,533
1574705156700623386,541
1574705156751274072,544
1574705156801683636,541
1574705156852101849,536
1574705156912549992,537
1574705156962962508,537
1574705157013403050,547
1574705157073974113,545
1574705157124380616,548
1574705157174766306,548
1574705157225200343,548
1574705157275634066,546
1574705157336194359,539
1574705157386612031,538
1574705157447090944,541
1574705157497542891,545
1574705157548086924,533
1574705157608530143,527
1574705157658972093,531
1574705157709379123,529
1574705157759877602,534
1574705157810300558,526
1574705157870722814,533
1574705157921157147,524
1574705157971604363,518
1574705158032203826,516
1574705158082661577,525
1574705158133016875,526
1574705158183454734,523
1574705158243979648,522
1574705158294421289,527
1574705158344807478,518
1574705158395226439,526
1574705158445602312,522
1574705158506197296,528
1574705158556632704,528
1574705158607055929,538
1574705158657475414,538
1574705158717995266,533
1574705158768442418,545
1574705158828885013,548
1574705158879289503,551
1574705158929674356,544
1574705158990123176,553
1574705159040556045,545
1574705159090926936,551
1574705159151600604,551
1574705159202018584,551
1574705159252425036,547
1574705159302839724,545
1574705159363281160,545
1574705159413755337,537
1574705159464127355,538
1574705159524600707,532
1574705159575094889,535
1574705159625510673,539
1574705159675954638,538
1574705159736404962,533
1574705159786795304,537
1574705159837250164,545
1574705159897725449,554
1574705159948137299,566
1574705159998481184,570
1574705160058956048,577
1574705160109400979,579
1574705160159828443,571
1574705160210237688,573
1574705160270764592,577
1574705160321200506,573
1574705160371613709,561
1574705160432122898,560
1574705160482540979,557
1574705160532975503,562
1574705160593530072,557
1574705160643972364,559
1574705160694422518,556
1574705160754895525,553
1574705160805311675,555
1574705160855748530,561
1574705160916291881,560
1574705160966684193,562
1574705161017120901,564
1574705161077647103,556
1574705161128014101,563
1574705161178462083,559
1574705161238937626,560
1574705161289375938,564
1574705161339777456,559
1574705161400234480,561
1574705161450676519,561
1574705161501119270,558
1574705161561541054,555
1574705161611948219,555
1574705161672440936,559
1574705161722900475,560
1574705161773358610,557
1574705161833894675,557
1574705161884325633,560
1574705161945268493,562
1574705161995676461,558
1574705162046117876,557
1574705162106670207,571
1574705162157121580,562
1574705162217648189,564
1574705162268023273,568
1574705162318455200,566
1574705162378879198,564
1574705162429310437,561
1574705162489851158,564
1574705162540270889,566
1574705162600658360,570
1574705162651042316,573
1574705162701504211,567
1574705162762025463,562
1574705162822531509,570
1574705162872910635,568
1574705162923359782,562
1574705162983783094,560
1574705163034222036,557
1574705163084647157,546
1574705163145166799,551
1574705163205662492,547
1574705163256066300,548
1574705163316548814,552
1574705163366931363,550
1574705163427499902,547
1574705163477914956,534
1574705163538472445,538
1574705163588820909,542
1574705163639237189,547
1574705163699788590,547
1574705163760241857,546
1574705163810581224,551
1574705163860919409,545
1574705163921385417,552
1574705163971891311,563
1574705164032428366,544
1574705164082775219,557
1574705164133240121,553
1574705164193794358,565
1574705164244247698,558
1574705164304717337,561
1574705164355125541,552
1574705164405501919,552
1574705164466041545,553
1574705164516455595,555
1574705164576926458,548
1574705164627382426,552
1574705164687930977,550
1574705164748539991,555
1574705164809013563,557
1574705164859439764,556
1574705164919848149,554
1574705164970301044,560
1574705165030884805,557
1574705165081297262,554
1574705165141922987,565
1574705165192281131,559
1574705165252732491,554
1574705165303169476,565
1574705165363702772,566
1574705165414111830,559
1574705165474592711,569
1574705165524964357,566
1574705165585369879,565
1574705165635787195,565
1574705165686242513,566
1574705165746736493,575
1574705165797121036,567
1574705165857592891,573
1574705165907960111,570
1574705165968446107,574
1574705166018876617,570
1574705166069258299,575
1574705166129722590,576
1574705166190224647,584
1574705166250687915,590
1574705166301090210,573
1574705166361526673,580
1574705166421989291,577
1574705166472427165,574
1574705166532914651,570
1574705166583343792,579
1574705166643892197,577
1574705166694309408,573
1574705166754771737,572
1574705166815274565,569
1574705166865650605,565
1574705166926201827,571
1574705166976618906,573
1574705167037001588,569
1574705167087375197,579
1574705167147870565,587
1574705167198342214,585
1574705167258974641,589
1574705167309379083,593
1574705167369879910,591
1574705167420322867,585
1574705167480831346,589
1574705167531260323,586
1574705167591706361,589
1574705167652249891,584
1574705167702633390,580
1574705167763085791,579
1574705167823549843,587
1574705167884048844,587
1574705167934448206,599
1574705167994872043,599
1574705168045313719,596
1574705168105809210,602
1574705168166350303,598
1574705168216759725,590
1574705168277231847,597
1574705168327634003,599
1574705168388244946,598
1574705168438605913,593
1574705168499043515,586
1574705168549493964,583
1574705168610124961,582
1574705168660598480,586
1574705168721127739,591
1574705168771564904,589
1574705168832075210,591
1574705168892600050,589
1574705168943005075,588
1574705168993437080,591
1574705169053939391,594
1574705169114404370,587
1574705169164764560,583
1574705169225321028,585
1574705169285828798,587
1574705169346302069,595
1574705169396693785,587
1574705169457196443,598
1574705169507652002,594
1574705169568071612,599
1574705169618512035,591
1574705169678964048,593
1574705169739492391,595
1574705169789891527,598
1574705169850361093,601
1574705169900776175,590
1574705169961250680,598
1574705170021875557,599
1574705170072224073,599
1574705170132604092,601
1574705170193006304,603
1574705170243420966,590
1574705170303882840,593
1574705170354299664,593
1574705170414729906,594
1574705170475260090,589
1574705170525697707,587
1574705170576126634,585
1574705170646627009,585
1574705170707128184,587
1574705170767594525,578
1574705170828180644,585
1574705170888739925,581
1574705170939205706,576
1574705170999710260,582
1574705171050181036,593
1574705171110621249,590
1574705171171109075,583
1574705171221537587,578
1574705171282085617,583
1574705171332507021,582
1574705171392993654,575
1574705171443497391,581
1574705171504103416,579
1574705171564596314,576
1574705171615028174,578
1574705171675526557,577
1574705171736086793,577
1574705171806634571,576
1574705171857008762,568
1574705171917475350,578
1574705171967871491,572
1574705172018224832,565
1574705172078706160,568
1574705172139164098,573
1574705172189569496,577
1574705172250116651,569
1574705172310651927,562
1574705172361093799,567
1574705172421497404,561
1574705172481963207,567
1574705172532376633,556
1574705172592866383,563
1574705172643311570,558
1574705172703846902,568
1574705172764344316,564
1574705172814741497,564
1574705172875179032,562
1574705172935609883,564
1574705172986028819,557
1574705173046534134,562
1574705173106987422,562
1574705173157440974,556
1574705173217911983,559
1574705173278380066,563
1574705173328788662,562
1574705173389254774,570
1574705173439671624,563
1574705173500227744,571
1574705173560709409,568
1574705173611123894,572
1574705173671658743,566
1574705173732125064,569
1574705173782630765,575
1574705173843109724,581
1574705173903570589,568
1574705173964138128,578
1574705174024667454,572
1574705174075112694,578
1574705174135628522,582
1574705174186084459,571
1574705174246493424,571
1574705174306910598,577
1574705174357332966,565
1574705174417773865,574
1574705174478276483,575
1574705174538756516,568
1574705174599258470,578
1574705174649728650,574
1574705174710285537,573
1574705174770707944,572
1574705174821112083,570
1574705174881581518,565
1574705174942081670,571
1574705174992494583,567
1574705175052973693,572
1574705175113409236,578
1574705175163861826,580
1574705175224376110,575
1574705175275123694,574
1574705175345704822,574
1574705175406211950,579
1574705175456538430,571
1574705175517034726,571
1574705175577669985,576
1574705175628127055,573
1574705175688604891,565
1574705175749137078,568
1574705175809671920,566
1574705175870159967,559
1574705175920562509,562
1574705175981056077,563
1574705176041551270,557
1574705176102017517,554
1574705176152454004,553
1574705176212885572,566
1574705176273360491,574
1574705176333881990,561
1574705176394437604,571
1574705176444892396,579
1574705176505397358,577
1574705176565907203,582
1574705176616360469,572
1574705176676804519,582
1574705176737309006,568
1574705176797838193,575
1574705176848246461,567
1574705176908680220,568
1574705176969214958,565
1574705177029717062,575
1574705177090227648,580
1574705177150769818,586
1574705177211225974,596
1574705177261644517,588
1574705177322148586,595
1574705177382639553,585
1574705177443107993,597
1574705177503656752,585
1574705177564195104,587
1574705177614610092,587
1574705177675165581,586
1574705177735672707,582
1574705177796121642,589
1574705177856707544,593
1574705177907110939,592
1574705177967715560,598
1574705178028159128,594
1574705178088634837,601
1574705178149129452,599
1574705178209666931,594
1574705178270489800,603
1574705178320843912,598
1574705178381314369,598
1574705178441831604,584
1574705178502355968,596
1574705178562863715,588
1574705178623365954,582
1574705178683896698,590
1574705178744328471,587
1574705178804862530,583
1574705178865348136,593
1574705178925854236,595
1574705178976237545,599
1574705179036657853,603
1574705179097247043,596
1574705179157722476,598
1574705179218273473,606
1574705179278669719,608
1574705179339108410,601
1574705179399572645,597
1574705179460031576,594
1574705179520534522,589
1574705179570970975,596
1574705179631405656,604
1574705179691916065,601
1574705179752376785,591
1574705179812893688,598
1574705179873425621,591
1574705179923915060,591
1574705179984411907,585
1574705180044943277,582
1574705180105465430,579
1574705180165987748,579
1574705180226489134,582
1574705180286923921,574
1574705180347452867,577
1574705180407960046,572
1574705180468500717,579
1574705180528974185,569
1574705180589465629,576
1574705180639852077,571
1574705180710375564,566
1574705180760752336,574
1574705180821307370,571
1574705180881858164,566
1574705180942380263,567
1574705181002878438,572
1574705181063424137,559
1574705181123939488,563
1574705181184472687,568
1574705181244910903,566
1574705181305390178,561
1574705181365867474,566
1574705181426371514,576
1574705181486742225,565
1574705181537194157,575
1574705181597636626,568
1574705181658109777,577
1574705181718545334,571
1574705181789109078,572
1574705181849666325,564
1574705181920238080,564
1574705181970652182,577
1574705182041261834,567
1574705182091679406,574
1574705182152233200,569
1574705182212692084,566
1574705182273224892,572
1574705182333775615,559
1574705182394281822,563
1574705182454754578,574
1574705182515253293,573
1574705182575736627,568
1574705182636383767,559
1574705182696907585,558
1574705182757459597,563
1574705182817995808,555
1574705182878548756,556
1574705182939046636,546
1574705182999543434,546
1574705183060124618,552
1574705183110547978,544
1574705183171017970,540
1574705183231500066,529
1574705183292010455,542
1574705183332355195,532
1574705183362636893,541
1574705183382782590,534
1574705183413008573,539
1574705183443266086,542
1574705183473519678,539
1574705183503782400,538
1574705183534007419,546
1574705183564211320,544
1574705183584356307,546
1574705183614644083,538
1574705183644839504,544
1574705183675102206,540
1574705183705357644,542
1574705183735683198,541
1574705183765944353,538
1574705183786118248,534
1574705183816375373,536
1574705183846646739,538
1574705183876876281,541
1574705183907161339,540
1574705183937389042,540
1574705183957585716,551
1574705183987785025,544
1574705184018028124,543
1574705184048253026,533
1574705184078502575,548
1574705184108689524,530
1574705184138913347,542
1574705184159022916,538
1574705184189272136,539
1574705184219494671,535
1574705184249754840,527
1574705184280012492,530
1574705184310236434,529
1574705184330403963,522
1574705184370692912,527
1574705184411091753,531
1574705184451436361,528
1574705184491793425,529
1574705184562423147,525
1574705184592655397,529
1574705184612822443,524
1574705184653169614,540
1574705184693515988,530
1574705184733864590,527
1574705184794495850,528
1574705184824681059,532
1574705184854939002,517
1574705184885220298,532
1574705184925635456,531
1574705184965959676,527
1574705185006303736,518
1574705185046740441,524
1574705185087075839,529
1574705185127351447,526
1574705185167663514,525
1574705185207988846,528
1574705185258482665,527
1574705185288722585,532
1574705185328959802,522
1574705185369293660,533
1574705185409682835,530
1574705185449979972,517
1574705185490325018,527
1574705185530625148,531
1574705185570935213,521
1574705185611342071,539
1574705185651660003,537
1574705185692061921,534
1574705185732470905,529
1574705185772781648,537
1574705185813066317,534
1574705185853410970,541
1574705185893752930,545
1574705185934099136,540
1574705185964392386,535
1574705186004653596,536
1574705186045406988,529
1574705186085748715,531
1574705186126159393,526
1574705186166643246,536
1574705186207053108,521
1574705186247362386,531
1574705186287612626,524
1574705186328091142,519
1574705186368400285,533
1574705186408669937,525
1574705186448919120,525
1574705186489354442,532
1574705186539845617,515
1574705186570097872,522
1574705186610423752,517
1574705186681109723,519
1574705186711365840,513
1574705186741611776,523
1574705186771872679,527
1574705186812186441,518
1574705186852550738,516
1574705186892935505,515
1574705186923196377,512
1574705186963553249,512
1574705187013976115,521
1574705187054342961,516
1574705187084571706,516
1574705187134904776,509
1574705187165104012,510
1574705187205450725,508
1574705187245713933,509
1574705187286403840,494
1574705187326910258,508
1574705187387447349,502
1574705187417708940,503
1574705187447934182,504
1574705187488244482,513
1574705187528552325,505
1574705187568869031,503
1574705187609201896,509
1574705187649671050,493
1574705187690007718,496
1574705187730385526,509
1574705187770769209,504
1574705187811108568,503
1574705187851389888,514
1574705187891792600,502
1574705187962594932,516
1574705187992817824,511
1574705188023081059,514
1574705188043225999,506
1574705188083610795,508
1574705188134110178,511
1574705188164369089,504
1574705188214723592,510
1574705188265214971,505
1574705188295442958,514
1574705188325705884,522
1574705188376230084,507
1574705188406520064,515
1574705188446792731,514
1574705188487103467,504
1574705188527437897,508
1574705188577906960,503
1574705188618162067,499
1574705188648447920,511
1574705188688766454,502
1574705188729173063,514
1574705188769500622,505
1574705188809910900,495
1574705188850245680,497
1574705188890562067,500
1574705188930874305,503
1574705188971278298,494
1574705189011627091,503
1574705189052004430,491
1574705189082326723,480
1574705189132730636,494
1574705189173171664,496
1574705189203497750,484
1574705189274222582,489
1574705189304482343,491
1574705189334723974,495
1574705189364947819,491
1574705189405263096,492
1574705189445546699,499
1574705189485933321,489
1574705189526316010,491
1574705189566685241,491
1574705189607037925,487
1574705189647361001,492
1574705189687663058,492
1574705189738161636,486
1574705189768361336,493
1574705189808684216,482
1574705189879334397,480
1574705189909567084,483
1574705189939822561,475
1574705189970077848,481
1574705190010389260,478
1574705190080986580,474
1574705190111238969,478
1574705190151556463,486
1574705190181781957,489
1574705190212012043,479
1574705190242303217,491
1574705190292688814,490
1574705190363404675,489
1574705190393672968,496
1574705190423933540,486
1574705190454195249,480
1574705190494534785,487
1574705190524660088,476
1574705190595239049,473
1574705190625506185,477
1574705190655770241,480
1574705190686098794,481
1574705190726464558,471
1574705190766750251,478
1574705190807055950,476
1574705190847326503,477
1574705190887684141,483
1574705190927963874,481
1574705190968287333,479
1574705191008602581,475
1574705191048943126,459
1574705191089273942,459
1574705191129621281,465
1574705191190191254,453
1574705191220506895,464
1574705191250734128,458
1574705191291043099,449
1574705191331355322,460
1574705191371762621,454
1574705191412067358,452
1574705191452413507,454
1574705191492837040,457
1574705191533216539,453
1574705191563384220,460
1574705191613787033,467
1574705191654089153,462
1574705191684344219,468
1574705191734694206,469
1574705191785193265,474
1574705191825476249,465
1574705191855736895,465
1574705191885966116,466
1574705191956609001,458
1574705191986798705,466
1574705192017028264,464
1574705192047252507,460
1574705192087536134,456
1574705192127884775,461
1574705192168226640,460
1574705192208497299,466
1574705192258857170,457
1574705192289128732,455
1574705192329398929,458
1574705192369737517,462
1574705192410096378,461
1574705192450441562,458
1574705192510982051,462
1574705192541213300,459
1574705192571473740,459
1574705192611884316,462
1574705192652326880,465
1574705192702743785,470
1574705192753191352,458
1574705192783449085,455
1574705192813677347,463
1574705192843964629,459
1574705192884379819,460
1574705192924652550,467
1574705192964935907,464
1574705193005273927,451
1574705193045593458,457
1574705193085897538,470
1574705193136499318,459
1574705193166727539,457
1574705193207054031,451
1574705193247358193,453
1574705193287661848,445
1574705193327946507,436
1574705193368293556,446
1574705193408648898,443
1574705193449049075,444
1574705193489353707,445
1574705193560013234,452
1574705193590291743,436
1574705193620494351,448
1574705193650737555,454
1574705193691150573,442
1574705193731482270,445
1574705193771889984,446
1574705193812244608,444
1574705193852546564,443
1574705193882865127,444
1574705193933274380,437
1574705193973589338,442
1574705194003820823,441
1574705194044168645,433
1574705194084550547,432
1574705194124857970,434
1574705194165228679,431
1574705194205582572,429
1574705194245901308,434
1574705194286240619,423
1574705194326631341,432
1574705194387104823,428
1574705194417333828,414
1574705194447607235,424
1574705194487991263,417
1574705194528337042,413
1574705194568594509,413
1574705194608938259,410
1574705194649275736,413
1574705194689585621,411
1574705194729897408,415
1574705194770147164,417
1574705194820501055,425
1574705194870928682,419
1574705194901156365,428
1574705194931388860,437
1574705194971761423,426
1574705195012076826,423
1574705195042371023,414
1574705195092766556,404
1574705195122970609,400
1574705195173366811,402
1574705195203659338,402
1574705195254058877,406
1574705195294478734,404
1574705195324673150,411
1574705195375097995,403
1574705195405325436,413
1574705195455765473,416
1574705195496107854,415
1574705195526367840,414
1574705195566635976,411
1574705195606900708,420
1574705195657364772,417
1574705195687588100,426
1574705195727936297,428
1574705195788504099,417
1574705195818724126,428
1574705195848900170,439
1574705195899283960,437
1574705195929554801,451
1574705195980085925,458
1574705196020494866,466
1574705196060809116,464
1574705196091028709,464
1574705196131370482,454
1574705196171711341,451
1574705196212111624,444
1574705196252465043,447
1574705196292790049,438
1574705196333099118,432
1574705196363327357,437
1574705196403688233,445
1574705196444104463,439
1574705196484418573,446
1574705196534683913,455
1574705196564885980,427
1574705196605147590,429
1574705196645460900,436
1574705196705983423,423
1574705196736209749,425
1574705196766408142,425
1574705196806755095,423
1574705196867294027,430
1574705196897549329,426
1574705196927806044,421
1574705196968202424,407
1574705197008516825,409
1574705197069013511,411
1574705197099272637,413
1574705197129509273,406
1574705197169813722,402
1574705197210238366,409
1574705197250516467,399
1574705197290872013,404
1574705197331185254,400
1574705197371502654,388
1574705197411789345,386
1574705197442043306,384
1574705197492429927,381
1574705197532717104,375
1574705197573054108,350
1574705197613376650,340
1574705197653786538,331
1574705197684113649,327
1574705197724435254,312
1574705197764682644,310
1574705197804993165,281
1574705197845416088,282
1574705197885767310,266
1574705197926112655,247
1574705197966364808,250
1574705198006715128,240
1574705198046931615,223
1574705198087282926,217
1574705198127618289,210
1574705198167935844,224
1574705198208343877,209
1574705198248659539,238
1574705198288938743,230
1574705198329250833,239
1574705198369685188,239
1574705198410076257,244
1574705198450338190,252
1574705198490632951,255
1574705198541041032,260
1574705198581359333,270
1574705198631831219,286
1574705198682219764,327
1574705198722537532,330
1574705198772972142,350
1574705198803200725,334
1574705198833407173,351
1574705198863668673,348
1574705198893979862,389
1574705198924308722,403
1574705199005043175,429
1574705199035214116,430
1574705199065440115,421
1574705199095703036,405
1574705199136019372,394
1574705199166274774,390
1574705199206600295,385
1574705199246883578,370
1574705199287226090,372
1574705199347840344,384
1574705199378125945,389
1574705199408377975,386
1574705199448699716,384
1574705199489011779,355
1574705199529366401,344
1574705199569684515,345
1574705199610027529,340
1574705199650436066,349
1574705199690719722,347
1574705199731069931,350
1574705199761365869,358
1574705199811867532,349
1574705199852280009,353
1574705199892665195,349
1574705199922914682,331
1574705199963332258,321
1574705200003652269,309
1574705200044032773,307
1574705200084332630,314
1574705200124605888,326
1574705200175014354,339
1574705200205183300,327
1574705200245513088,345
1574705200285841793,317
1574705200326186557,332
1574705200366408177,316
1574705200406684607,327
1574705200477197343,328
1574705200507456666,323
1574705200537712651,303
1574705200567946294,302
1574705200608254355,296
1574705200648540786,304
1574705200688829952,291
1574705200729239241,299
1574705200769506045,277
1574705200809863536,294
1574705200850159491,272
1574705200890508839,290
1574705200920697223,290
1574705200971186079,281
1574705201011501940,293
1574705201072063568,280
1574705201102325335,269
1574705201132550129,273
1574705201172861262,264
1574705201203118050,260
1574705201253681238,267
1574705201283913885,274
1574705201324194196,260
1574705201364548530,262
1574705201404959651,257
1574705201445299883,253
1574705201485711746,255
1574705201526061134,234
1574705201566491032,237
1574705201606871532,236
1574705201647180348,228
1574705201687489346,234
1574705201727869213,242
1574705201768249228,251
1574705201808614210,256
1574705201848899399,264
1574705201889318538,264
1574705201929631710,274
1574705201969978993,264
1574705202010336782,268
1574705202040553111,261
1574705202090889062,254
1574705202121148013,277
1574705202171566693,276
1574705202201786778,278
1574705202252262894,270
1574705202282520526,264
1574705202353032352,247
1574705202383286869,238
1574705202413541537,236
1574705202443851473,218
1574705202484074459,228
1574705202524480172,222
1574705202564816317,215
1574705202605171265,216
1574705202645581972,200
1574705202685905616,191
1574705202726335294,194
1574705202766600082,199
1574705202806879319,196
1574705202847194747,186
1574705202887480482,170
1574705202927832585,173
1574705202968194524,164
1574705203008554926,149
1574705203059003501,145
1574705203089205432,143
1574705203119462711,145
1574705203169948983,128
1574705203200157684,121
1574705203240554729,118
1574705203280806468,117
1574705203321152220,99
1574705203371523534,103
1574705203411881148,92
1574705203442111620,100
1574705203482457547,98
1574705203522782994,95
1574705203563119074,92
1574705203603504119,96
1574705203643886180,94
1574705203684291511,91
1574705203724694426,87
1574705203765002209,98
1574705203815475456,96
1574705203855821613,113
1574705203886018373,115
1574705203926399467,119
1574705203966680653,115
1574705204006994434,127
1574705204047309762,133
1574705204087720687,125
1574705204127972950,120
1574705204168308311,132
1574705204208622848,126
1574705204238853359,126
1574705204279243128,123
1574705204319584606,129
1574705204359944188,139
1574705204410337869,154
1574705204450629602,149
1574705204480857234,138
1574705204531198374,132
1574705204561503771,136
1574705204601793724,126
1574705204642113508,133
1574705204682523322,128
1574705204722749347,140
1574705204763122136,142
1574705204803505833,141
1574705204843914232,144
1574705204884265314,150
1574705204924554699,148
1574705204964871866,157
1574705205005273758,166
1574705205055771009,187
1574705205096094944,213
1574705205136410601,202
1574705205166621524,199
1574705205206902380,201
1574705205247241930,195
1574705205287593727,214
1574705205327940071,199
1574705205368278481,204
1574705205408660233,200
1574705205449042717,213
1574705205489386207,213
1574705205549983332,225
1574705205580206979,224
1574705205610473053,243
1574705205650785530,245
1574705205691202077,269
1574705205761836853,271
1574705205792053553,273
1574705205832334892,267
1574705205862599912,265
1574705205892826484,275
1574705205923150377,292
1574705205973620172,302
1574705206024004894,321
1574705206064349550,326
1574705206104635986,348
1574705206185399678,356
1574705206215660936,352
1574705206256003533,364
1574705206286268058,357
1574705206316507597,357
1574705206346729065,361
1574705206376955337,362
1574705206427389166,380
1574705206467702503,379
1574705206497921911,372
1574705206528116925,379
1574705206568405580,379
1574705206608689862,377
1574705206649030941,378
1574705206689377851,372
1574705206729793538,382
1574705206780234153,381
1574705206810525619,380
1574705206850782520,382
1574705206891119674,385
1574705206931541444,377
1574705206971857425,385
1574705207012155177,382
1574705207042479827,378
1574705207092836084,375
1574705207123095149,371
1574705207163436965,380
1574705207203755786,383
1574705207254230318,391
1574705207284476284,399
1574705207334810890,396
1574705207365040839,409
1574705207405354756,410
1574705207455859014,423
1574705207496170311,426
1574705207546511415,436
1574705207586790552,441
1574705207637440260,452
1574705207688060503,446
1574705207718318289,449
1574705207748489184,444
1574705207778688481,468
1574705207808855699,480
1574705207859255981,493
1574705207899676526,498
1574705207950083615,500
1574705208010657350,506
1574705208050973114,512
1574705208081207309,506
1574705208111463805,516
1574705208151809790,509
1574705208182049141,527
1574705208222324797,527
1574705208272622735,527
1574705208313010531,521
1574705208343266634,533
1574705208373526850,522
1574705208413908605,530
1574705208444168575,517
1574705208494542389,539
1574705208534854526,528
1574705208565061161,531
1574705208615536402,527
1574705208655883819,524
1574705208686148601,517
1574705208726498605,526
1574705208766745918,515
1574705208807086172,518
1574705208847402915,519
1574705208887741390,521
1574705208938184108,517
1574705208978542302,526
1574705209008785117,516
1574705209049130807,517
1574705209089471822,518
1574705209129817793,512
1574705209170163037,519
1574705209210545968,523
1574705209250795486,516
1574705209291119363,520
1574705209341628209,523
1574705209371887256,524
1574705209412260817,518
1574705209452650056,514
1574705209493030034,507
1574705209533405346,516
1574705209573812404,509
1574705209614143935,515
1574705209644385687,503
1574705209694720513,515
1574705209745180227,511
1574705209775439989,513
1574705209805613258,513
1574705209856026410,524
1574705209896403665,526
1574705209977200384,532
1574705210007463427,533
1574705210037722536,531
1574705210067979743,530
1574705210098239809,526
1574705210138526592,532
1574705210168719628,528
1574705210209133516,521
1574705210249540177,517
1574705210289856055,521
1574705210330274527,520
1574705210370625285,521
1574705210410959699,524
1574705210451389870,524
1574705210491772688,522
1574705210532093925,518
1574705210572520869,516
1574705210612834183,504
1574705210653261179,505
1574705210683462929,505
1574705210754027136,507
1574705210784280232,505
1574705210814536041,502
1574705210844728466,501
1574705210895119394,506
1574705210925403180,503
1574705210965717248,501
1574705211006037179,506
1574705211046354233,514
1574705211106760107,504
1574705211137009067,501
1574705211167266499,514
1574705211217698908,505
1574705211247945054,505
1574705211288294067,507
1574705211338692861,504
1574705211368919577,504
1574705211409198242,504
1574705211459534269,517
1574705211499896243,500
1574705211540216692,507
1574705211570436838,510
1574705211610693129,516
1574705211651066246,507
1574705211691355641,511
1574705211731668424,511
1574705211772030770,512
1574705211822462099,505
1574705211862776272,509
1574705211892993548,514
1574705211933352703,505
1574705211963643371,500
1574705212003928209,508
1574705212044270603,506
1574705212094669946,516
1574705212135068779,509
1574705212165292740,522
1574705212215802536,515
1574705212246052364,518
1574705212286399955,511
1574705212326738315,516
1574705212367031251,509
1574705212437726952,515
1574705212467985927,517
1574705212508270788,512
1574705212538583764,506
1574705212568776273,511
1574705212609099036,512
1574705212649428276,504
1574705212689845045,497
1574705212730217011,513
1574705212770643879,503
1574705212810925388,507
1574705212851273861,507
1574705212901668381,510
1574705212942086660,500
1574705212972333179,502
1574705213012682321,504
1574705213053094339,504
1574705213093481237,505
1574705213133828360,504
1574705213174165914,496
1574705213214519110,506
1574705213254813464,493
1574705213285091906,503
1574705213335540972,494
1574705213375906299,495
1574705213406161918,502
1574705213446487647,505
1574705213486707089,501
1574705213527043229,509
1574705213577547361,502
1574705213607837042,502
1574705213658340259,508
1574705213718869070,506
1574705213749070895,499
1574705213789441743,506
1574705213819713907,503
1574705213849955960,505
1574705213900460587,510
1574705213940844153,509
1574705213971073952,513
1574705214011360053,501
1574705214051690341,507
1574705214092145949,512
1574705214132460528,515
1574705214172873008,511
1574705214213251398,514
1574705214253643458,517
1574705214294021837,515
1574705214334439351,520
1574705214374858107,512
1574705214405084622,513
1574705214445455360,517
1574705214485773565,509
1574705214526119039,506
1574705214566464745,521
1574705214616942560,499
1574705214647163445,513
1574705214687497539,515
1574705214727893052,511
1574705214768201674,508
1574705214808517295,504
1574705214848771868,516
1574705214889176124,515
1574705214929526648,511
1574705214969939158,511
1574705215010291532,512
1574705215060753444,516
1574705215101072797,511
1574705215141387308,518
1574705215181731288,522
1574705215222082964,526
1574705215262477835,512
1574705215292655446,521
1574705215332970334,514
1574705215373380101,527
1574705215413765051,518
1574705215454080144,514
1574705215494423835,508
1574705215534745249,520
1574705215575034443,513
1574705215605238334,512
1574705215645553351,508
1574705215685896249,512
1574705215726226864,511
1574705215776671314,512
1574705215806925791,510
1574705215847274144,517
1574705215887626035,517
1574705215927926483,520
1574705215978503870,519
1574705216008682906,519
1574705216059084864,523
1574705216099366990,526
1574705216149772328,518
1574705216180036787,523
1574705216210295913,530
1574705216250645878,530
1574705216301206042,522
1574705216331437493,519
1574705216371753290,524
1574705216412168237,518
1574705216452540627,515
1574705216492945377,516
1574705216533260868,512
1574705216573611944,523
1574705216613964364,512
1574705216654376264,511
1574705216694660481,516
1574705216735000947,514
1574705216765200616,508
1574705216815624584,515
1574705216845882960,514
1574705216886259963,521
1574705216926631089,522
1574705216966913802,519
1574705217007195149,520
1574705217047526364,529
1574705217087840187,527
1574705217128195011,520
1574705217168523481,524
1574705217208925326,519
1574705217259393134,516
1574705217299732226,520
1574705217329989777,515
1574705217370360794,515
1574705217420921945,513
1574705217451190942,510
1574705217491602528,515
1574705217531949577,508
1574705217572318622,504
1574705217612641006,513
1574705217652927164,504
1574705217693246890,502
1574705217733668960,500
1574705217773955516,506
1574705217814267827,500
1574705217844520338,497
1574705217884831682,492
1574705217925147737,497
1574705217965480180,502
1574705218005796445,498
1574705218046138877,487
1574705218086543688,496
1574705218126818934,498
1574705218187464830,498
1574705218227806873,497
1574705218258089069,498
1574705218288344679,497
1574705218328691451,496
1574705218369030594,495
1574705218409444903,491
1574705218449727641,498
1574705218490131398,504
1574705218540606403,495
1574705218580906866,505
1574705218611134978,501
1574705218651384904,505
1574705218691767077,502
1574705218732107765,502
1574705218772417394,500
1574705218812767240,494
1574705218903832336,497
1574705218934061773,495
1574705218964308234,499
1574705219004603091,501
1574705219034826377,494
1574705219065080446,496
1574705219095339235,496
1574705219135655254,495
1574705219165887379,498
1574705219216275677,500
1574705219266708252,490
1574705219296966953,494
1574705219337305658,501
1574705219377743871,496
1574705219418053468,509
1574705219458407058,508
1574705219498723409,517
1574705219528965182,515
1574705219569307507,510
1574705219609731015,512
1574705219650171501,509
1574705219690411861,507
1574705219730733369,507
1574705219771055051,503
1574705219811377487,508
1574705219851666991,505
1574705219892034379,514
1574705219932325380,515
1574705219972632230,506
1574705220012979559,518
1574705220053391725,516
1574705220093805875,510
1574705220134214182,508
1574705220174526505,516
1574705220214777397,515
1574705220255168433,512
1574705220285394697,522
1574705220335822472,512
1574705220366076132,514
1574705220406424804,521
1574705220446761648,525
1574705220487013513,525
1574705220537446889,518
1574705220567687392,524
1574705220608041516,527
1574705220658570368,525
1574705220688796759,521
1574705220729107706,527
1574705220769470594,520
1574705220809732959,519
1574705220850147615,519
1574705220910758700,521
1574705220940990017,529
1574705220981325997,528
1574705221021664636,541
1574705221051924197,537
1574705221092264979,530
1574705221132648021,533
1574705221173013894,539
1574705221213419248,532
1574705221253846797,536
1574705221294191536,543
1574705221334632169,541
1574705221374940932,547
1574705221415246780,556
1574705221465645228,566
1574705221506045332,565
1574705221536274050,574
1574705221576540414,569
1574705221616792066,578
1574705221657140651,579
1574705221697483416,582
1574705221747883956,576
1574705221788230156,584
1574705221818456748,581
1574705221858787550,586
1574705221899132196,577
1574705221929389088,571
1574705221969742144,562
1574705222010084829,558
1574705222090827939,558
1574705222121088867,565
1574705222151288539,565
1574705222191644354,569
1574705222232006428,576
1574705222272400769,586
1574705222322771876,587
1574705222363178810,585
1574705222403492515,595
1574705222433794935,579
1574705222464055860,573
1574705222504346944,562
1574705222534578091,552
1574705222574829274,558
1574705222615146913,550
1574705222655554677,557
1574705222685778488,561
1574705222726128573,557
1574705222776562589,547
1574705222806792974,550
1574705222847135388,553
1574705222887469901,569
1574705222927828971,552
1574705222968172051,528
1574705223008517842,528
1574705223058911759,520
1574705223089168854,508
1574705223129548956,496
1574705223169891815,496
1574705223210199653,475
1574705223250511154,488
1574705223290821600,515
1574705223341306313,539
1574705223381616449,518
1574705223411876946,505
1574705223452234889,485
1574705223492614751,492
1574705223532979385,485
1574705223573329871,492
1574705223613686509,477
1574705223633857713,471
