%time,field.data
1574700867922287227,641
1574700868013018826,649
1574700868083716306,649
1574700868184684695,645
1574700868255318759,582
1574700868346126457,554
1574700868406640247,566
1574700868487385086,589
1574700868558059238,606
1574700868649004857,608
1574700868719558987,639
1574700868800417528,633
1574700868891493302,628
1574700868962151001,619
1574700869053035207,601
1574700869123771024,592
1574700869214715542,593
1574700869285374785,595
1574700869376271470,589
1574700869446980550,591
1574700869537955001,590
1574700869618795429,575
1574700869689415879,568
1574700869770260826,558
1574700869861198819,554
1574700869931788408,538
1574700870022520172,538
1574700870093144504,519
1574700870173952755,500
1574700870254770691,487
1574700870335445969,497
1574700870426334369,491
1574700870507160324,501
1574700870567644519,495
1574700870658388092,502
1574700870739227433,501
1574700870809961073,518
1574700870900922456,524
1574700870971554412,527
1574700871062489779,527
1574700871133111192,531
1574700871224006712,562
1574700871294535919,557
1574700871385341065,581
1574700871476842025,560
1574700871537333980,556
1574700871617995786,542
1574700871708714229,550
1574700871769161650,565
1574700871870133188,571
1574700871930656221,577
1574700872021531783,564
1574700872112304676,556
1574700872182995701,549
1574700872273838070,568
1574700872334307488,562
1574700872415039115,554
1574700872505900101,572
1574700872576431118,576
1574700872667308643,582
1574700872737944291,600
1574700872818703696,600
1574700872899496050,597
1574700872990553381,593
1574700873051018173,594
1574700873131662185,604
1574700873212401301,582
1574700873303270367,581
1574700873384095717,577
1574700873464855289,580
1574700873535449067,573
1574700873626405498,570
1574700873697105657,578
1574700873788008093,571
1574700873858695926,575
1574700873939526970,573
1574700874020296042,572
1574700874101017213,570
1574700874171528352,573
1574700874262531442,571
1574700874333185229,570
1574700874424248990,563
1574700874505016108,562
1574700874575595262,560
1574700874656314351,563
1574700874747311538,563
1574700874817995776,562
1574700874898807893,553
1574700874979461555,560
1574700875060360831,555
1574700875161303274,557
1574700875211797781,548
1574700875312840473,553
1574700875393615899,551
1574700875454086961,547
1574700875555020344,555
1574700875615556706,562
1574700875706493633,555
1574700875777211248,552
1574700875858038739,550
1574700875948916755,547
1574700876029695791,557
1574700876100258019,544
1574700876191388132,546
1574700876251917624,533
1574700876342645974,541
1574700876413267194,525
1574700876504125352,523
1574700876574669578,520
1574700876665597228,515
1574700876736174175,507
1574700876816762259,524
1574700876887363107,514
1574700876988480705,510
1574700877049006673,504
1574700877149925644,497
1574700877210344682,493
1574700877311357052,493
1574700877371877513,488
1574700877472972077,479
1574700877553826249,473
1574700877614301661,466
1574700877695119847,464
1574700877786094367,461
1574700877856666348,461
1574700877947634980,461
1574700878008235541,470
1574700878109277112,468
1574700878169807913,463
1574700878270698220,471
1574700878331318747,477
1574700878422262695,482
1574700878492876159,483
1574700878583822046,487
1574700878654498869,489
1574700878755465324,494
1574700878816001436,496
1574700878917056808,499
1574700878967457565,498
1574700879068441330,501
1574700879128971300,508
1574700879230021825,506
1574700879290562275,512
1574700879381596204,514
1574700879452249147,513
1574700879553292491,523
1574700879613782959,510
1574700879704582827,507
1574700879775108017,511
1574700879865978034,526
1574700879936615153,525
1574700880017345812,522
1574700880088101377,516
1574700880189067757,520
1574700880249566424,499
1574700880340465882,492
1574700880421207624,481
1574700880491769764,464
1574700880572616047,467
1574700880653499584,466
1574700880744474766,451
1574700880805126756,455
1574700880896088005,470
1574700880976832055,485
1574700881057769591,520
1574700881138464279,547
1574700881219347400,554
1574700881310367341,554
1574700881380962948,555
1574700881472081478,552
1574700881532559348,553
1574700881633673151,545
1574700881694162422,540
1574700881784915766,529
1574700881855500554,519
1574700881936283005,529
1574700882017074059,518
1574700882097861613,523
1574700882168565266,539
1574700882259414651,556
1574700882340214269,551
1574700882410873735,557
1574700882501772004,567
1574700882572385055,557
1574700882663110145,549
1574700882733838946,540
1574700882824490907,486
1574700882895211049,436
1574700882976105203,423
1574700883056879276,417
1574700883127594278,402
1574700883228535088,403
1574700883289128913,399
1574700883390256228,400
1574700883450783864,407
1574700883541606180,411
1574700883612262191,406
1574700883693016507,401
1574700883773738056,384
1574700883864711234,385
1574700883925265317,390
1574700884016030630,383
1574700884086704991,386
1574700884177591209,389
1574700884248212573,384
1574700884349207135,379
1574700884409742612,365
1574700884490418988,341
1574700884571309135,326
1574700884652035996,330
1574700884732780655,326
1574700884803487538,342
1574700884894324657,342
1574700884964951346,329
1574700885045797121,310
1574700885146703164,316
1574700885207220095,314
1574700885287913760,321
1574700885368729623,323
1574700885469807074,315
1574700885530309524,346
1574700885601105541,348
1574700885691893840,341
1574700885772725445,338
1574700885863734694,321
1574700885924201837,322
1574700886025290402,298
1574700886085845678,270
1574700886176676010,254
1574700886247229246,223
1574700886327992881,224
1574700886398567840,220
1574700886489487258,209
1574700886560239736,220
1574700886651075040,231
1574700886731874745,249
1574700886802522263,247
1574700886883458332,244
1574700886964186770,252
1574700887044885621,263
1574700887125604432,264
1574700887226548949,262
1574700887287074290,267
1574700887367757184,260
1574700887448496574,253
1574700887519138294,251
1574700887610078585,253
1574700887680725507,247
1574700887781642978,244
1574700887842165329,239
1574700887932958397,243
1574700888003704859,247
1574700888084425954,238
1574700888165057213,220
1574700888245892031,222
1574700888336779710,210
1574700888417618971,196
1574700888478144152,186
1574700888558889111,182
1574700888639674439,173
1574700888740812633,162
1574700888801302177,154
1574700888892182662,160
1574700888962775204,188
1574700889043429016,188
1574700889124202378,188
1574700889215062848,175
1574700889275630637,169
1574700889376778541,184
1574700889437303877,181
1574700889528258387,197
1574700889598856649,205
1574700889689735800,214
1574700889760334797,214
1574700889841216603,213
1574700889922122812,204
1574700890002909079,190
1574700890083729778,182
1574700890164407660,176
1574700890245210309,200
1574700890336121893,217
1574700890406595371,243
1574700890487409214,257
1574700890568028303,288
1574700890648810701,297
1574700890739704337,327
1574700890810311433,338
1574700890891179730,334
1574700890971949407,335
1574700891052714910,352
1574700891123347137,371
1574700891224252701,372
1574700891284713763,405
1574700891395822299,438
1574700891446204642,448
1574700891547233606,464
1574700891607822287,476
1574700891708770056,497
1574700891769553177,509
1574700891860544240,512
1574700891931119667,526
1574700892032062854,537
1574700892092604382,531
1574700892173295885,534
1574700892264244989,536
1574700892334819859,537
1574700892415413007,535
1574700892496220200,535
1574700892576998955,541
1574700892657820753,541
1574700892728462814,546
1574700892819386459,550
1574700892890006241,552
1574700892980994481,566
1574700893051602589,558
1574700893132356366,562
1574700893213090082,565
1574700893314007761,561
1574700893374454700,565
1574700893465363727,569
1574700893535891246,570
1574700893636964814,571
1574700893697498511,569
1574700893788273190,559
1574700893858882237,565
1574700893949966996,575
1574700894010497943,565
1574700894101407046,569
1574700894172079747,559
1574700894272901589,560
1574700894333416869,558
1574700894424458252,554
1574700894494983250,560
1574700894595779143,559
1574700894656215811,562
1574700894747155317,561
1574700894817723573,558
1574700894898558349,569
1574700894979251071,570
1574700895049859203,564
1574700895140839967,558
1574700895211377687,562
1574700895292050971,566
1574700895392864811,566
1574700895453394259,566
1574700895534294730,566
1574700895614890959,568
1574700895705716873,567
1574700895776231625,572
1574700895856835536,563
1574700895947762343,571
1574700896018290311,565
1574700896109214086,567
1574700896169740948,562
1574700896260595970,560
1574700896331302896,562
1574700896422149691,564
1574700896492643051,570
1574700896573394854,558
1574700896674608297,552
1574700896735086731,546
1574700896836129630,553
1574700896896570555,561
1574700896987449471,559
1574700897058125136,558
1574700897138907608,555
1574700897219646814,546
1574700897290355305,548
1574700897381067746,537
1574700897451656709,542
1574700897542579443,544
1574700897613184289,541
1574700897693959812,534
1574700897774570314,528
1574700897855291556,533
1574700897935983751,533
1574700898016905034,533
1574700898087606476,534
1574700898188537317,530
1574700898249028142,526
1574700898349878864,531
1574700898410416332,531
1574700898501244841,520
1574700898571971743,527
1574700898663011178,512
1574700898733589212,523
1574700898824417317,529
1574700898894985982,518
1574700898975654083,522
1574700899056384626,518
1574700899127053187,525
1574700899207754998,517
1574700899298609223,511
1574700899369219543,510
1574700899460185520,519
1574700899530837411,506
1574700899621626400,520
1574700899692204026,520
1574700899793196851,523
1574700899853683087,521
1574700899934516087,517
1574700900015176490,528
1574700900096015247,526
1574700900176707594,533
1574700900257407999,538
1574700900328017391,537
1574700900418833896,537
1574700900489477272,536
1574700900580454123,538
1574700900651122826,545
1574700900731893171,545
1574700900812631434,540
1574700900893512312,538
1574700900974288827,537
1574700901055011676,540
1574700901135706616,525
1574700901216445433,531
1574700901297153468,537
1574700901377892998,529
1574700901448505563,535
1574700901549579893,541
1574700901610047926,537
1574700901710885907,536
1574700901771322709,547
1574700901862237894,542
1574700901932846225,539
1574700902033866427,544
1574700902094432451,545
1574700902175253040,545
1574700902255921849,553
1574700902356778612,552
1574700902417301535,556
1574700902518316182,554
1574700902578833142,549
1574700902679775324,552
1574700902730223134,551
1574700902831334909,557
1574700902891952471,557
1574700902972566059,555
1574700903053303171,547
1574700903154325063,556
1574700903214821461,555
1574700903315861256,549
1574700903376353199,540
1574700903477438709,552
1574700903537967710,553
1574700903618668602,560
1574700903699428759,563
1574700903790403729,556
1574700903851106301,558
1574700903952513485,555
1574700904013030916,555
1574700904103904500,561
1574700904174484697,552
1574700904275562941,562
1574700904336242034,556
1574700904426951843,559
1574700904497693155,556
1574700904578564628,550
1574700904659412424,556
1574700904730019432,552
1574700904820900606,550
1574700904901669619,562
1574700904972353821,553
1574700905053170229,557
1574700905133907880,547
1574700905234940967,556
1574700905295460380,550
1574700905376317617,552
1574700905456913911,557
1574700905557920255,560
1574700905608354149,559
1574700905709484278,562
1574700905770084612,561
1574700905870969972,570
1574700905931472078,565
1574700906032360319,561
1574700906092895970,553
1574700906193933946,556
1574700906254485847,565
1574700906355540425,568
1574700906416033467,564
1574700906507050956,561
1574700906577767937,555
1574700906668574855,556
1574700906729116781,557
1574700906820149490,566
1574700906890875119,568
1574700906991864011,565
1574700907052401223,568
1574700907143418144,579
1574700907214067079,586
1574700907314914701,588
1574700907375470484,598
1574700907466430022,591
1574700907537168127,594
1574700907618119009,596
1574700907698731919,598
1574700907799826149,601
1574700907850228087,602
1574700907941032758,604
1574700908011703715,593
1574700908112683737,599
1574700908173209914,599
1574700908274420734,594
1574700908334888993,598
1574700908435904839,594
1574700908496457720,593
1574700908587468727,605
1574700908658045463,601
1574700908738876009,598
1574700908819500951,594
1574700908900235556,591
1574700908971008505,596
1574700909061790917,592
1574700909132354081,593
1574700909223304180,597
1574700909293996876,600
1574700909384840803,600
1574700909455486592,600
1574700909556366087,597
1574700909616887285,597
1574700909707847879,588
1574700909778392710,608
1574700909879440664,611
1574700909939939194,607
1574700910020849593,614
1574700910101531660,607
1574700910182219779,610
1574700910262846550,607
1574700910333454827,594
1574700910414094481,591
1574700910505224647,580
1574700910575885524,583
1574700910676866312,583
1574700910737359335,578
1574700910818083193,573
1574700910888787175,577
1574700910989922099,567
1574700911050507216,573
1574700911141382895,568
1574700911232218663,564
1574700911302856008,577
1574700911373629929,577
1574700911474637027,574
1574700911535096837,573
1574700911636094826,575
1574700911696586628,575
1574700911797671759,584
1574700911858144440,571
1574700911959169388,568
1574700912019657432,574
1574700912120633995,583
1574700912171167247,570
1574700912262031967,568
1574700912332639634,563
1574700912423555943,565
1574700912494175908,567
1574700912585198346,564
1574700912665936477,560
1574700912736452113,563
1574700912817411895,565
1574700912898124087,565
1574700912978970891,551
1574700913049616566,559
1574700913140483058,553
1574700913211129889,570
1574700913301983835,577
1574700913372718329,573
1574700913473617661,566
1574700913534125792,570
1574700913614751836,573
1574700913695475426,578
1574700913776242962,580
1574700913856865089,587
1574700913947761858,589
1574700914018297634,583
1574700914099132352,580
1574700914179898794,592
1574700914270651193,588
1574700914341231775,585
1574700914421931436,590
1574700914502857203,593
1574700914573391738,586
1574700914684702879,581
1574700914765439430,585
1574700914815940142,591
1574700914896596908,582
1574700914977457574,583
1574700915058232645,588
1574700915138954932,597
1574700915219745179,598
1574700915300572036,591
1574700915381315184,589
1574700915462157457,601
1574700915533188315,596
1574700915624344294,594
1574700915694848439,590
1574700915785730860,584
1574700915866441167,579
1574700915937053104,580
1574700916038201827,576
1574700916098731757,588
1574700916199861128,585
1574700916260313096,585
1574700916341069272,587
1574700916432110736,583
1574700916522936243,575
1574700916573515067,594
1574700916654247072,597
1574700916735009707,589
1574700916825861775,586
1574700916896405761,597
1574700916987389409,595
1574700917057994635,600
1574700917158936120,594
1574700917219417192,597
1574700917300266573,592
1574700917370949043,597
1574700917482017766,593
1574700917532406333,593
1574700917643448834,591
1574700917714105510,585
1574700917774630196,582
1574700917855391307,593
1574700917946297429,593
1574700918016832532,599
1574700918107818328,592
1574700918188507168,603
1574700918259178929,593
1574700918350233763,596
1574700918420911044,598
1574700918501636933,597
1574700918572255516,595
1574700918663060106,598
1574700918744014910,597
1574700918824712196,602
1574700918895286791,592
1574700918996308750,598
1574700919057009383,596
1574700919137805668,594
1574700919228584971,594
1574700919299225314,593
1574700919380003758,589
1574700919480999891,595
1574700919541562622,593
1574700919622379004,596
1574700919693125807,592
1574700919804171739,595
1574700919854588783,592
1574700919945462614,596
1574700920016142453,598
1574700920096814590,601
1574700920177633079,596
1574700920258290427,602
1574700920359407743,602
1574700920419951193,595
1574700920500720340,592
1574700920591558190,597
1574700920662214645,590
1574700920732762638,593
1574700920833836727,596
1574700920894316293,588
1574700920985301532,599
1574700921055975755,598
1574700921146810937,591
1574700921217479083,593
1574700921298228271,592
1574700921389011488,591
1574700921459543397,595
1574700921540193233,604
1574700921620946403,603
1574700921701700044,603
1574700921772240466,595
1574700921863073395,594
1574700921933805222,597
1574700922024619244,591
1574700922095233379,594
1574700922176003817,589
1574700922256797460,587
1574700922337480642,591
1574700922438448714,585
1574700922498953967,593
1574700922579732973,588
1574700922660427228,586
1574700922741206687,590
1574700922821968097,591
1574700922902762657,587
1574700922973437462,589
1574700923084628592,591
1574700923135128918,593
1574700923246102866,589
1574700923296569832,584
1574700923377400011,576
1574700923458032169,575
1574700923538787929,564
1574700923619629351,556
1574700923720649212,552
1574700923781181745,557
1574700923861853719,553
1574700923942462281,558
1574700924023406845,553
1574700924094031900,553
1574700924174627786,557
1574700924255529475,548
1574700924336187701,548
1574700924416917374,552
1574700924497651202,551
1574700924578423774,549
1574700924649001315,546
1574700924739851683,543
1574700924810315006,543
1574700924901138510,550
1574700924992239622,549
1574700925052712743,555
1574700925133376027,542
1574700925224166834,541
1574700925294639204,542
1574700925395676010,546
1574700925456252963,548
1574700925536943524,552
1574700925617718331,550
1574700925698537790,557
1574700925779306440,555
1574700925860217924,550
1574700925930867309,537
1574700926011769790,529
1574700926102587517,526
1574700926173170262,509
1574700926253932223,534
1574700926344775493,540
1574700926415310146,541
1574700926506160978,535
1574700926576682822,538
1574700926677648439,535
1574700926738049764,536
1574700926828839359,542
1574700926889338145,540
1574700926990299836,534
1574700927050833161,546
1574700927141760954,538
1574700927212356972,541
1574700927303394167,533
1574700927373910673,530
1574700927464726606,525
1574700927535296784,516
1574700927616163792,516
1574700927696970279,522
1574700927797911938,514
1574700927848326056,524
1574700927939161850,522
1574700928009817517,516
1574700928090556850,509
1574700928171328982,519
1574700928252114911,520
1574700928332689347,516
1574700928413437744,516
1574700928514399037,524
1574700928575048557,515
1574700928665836000,505
1574700928736409473,510
1574700928817361847,496
1574700928898023972,502
1574700928988893850,494
1574700929049365616,490
1574700929130173316,501
1574700929210828276,493
1574700929301801156,496
1574700929372358590,499
1574700929473313783,501
1574700929554183086,507
1574700929614704128,502
1574700929695527915,509
1574700929776249362,511
1574700929846846429,504
1574700929937814426,506
1574700930008485532,497
1574700930119623712,503
1574700930170086074,508
1574700930250688688,505
1574700930331415507,488
1574700930412117671,483
1574700930513000743,494
1574700930573605807,490
1574700930654436676,478
1574700930735189018,470
1574700930815889723,495
1574700930906771175,495
1574700930977412209,509
1574700931048140227,505
1574700931139095986,505
1574700931209713284,499
1574700931300661818,478
1574700931371400232,458
1574700931452236639,427
1574700931532892492,402
1574700931613691693,469
1574700931694295129,489
1574700931775099014,507
1574700931855774187,536
1574700931946633480,547
1574700932017222722,591
1574700932108130853,621
1574700932178725043,629
1574700932259504295,640
1574700932340298050,639
1574700932431169387,655
1574700932501780701,653
1574700932592641729,641
1574700932663327988,639
1574700932744050842,647
1574700932824680597,647
1574700932915522728,646
1574700932986090976,635
1574700933066920589,645
1574700933137512150,646
1574700933238516817,650
1574700933299138227,659
1574700933379852529,650
1574700933460545817,644
1574700933561472383,634
1574700933622033280,619
1574700933702705616,622
1574700933783496498,625
1574700933864098467,645
1574700933944713021,652
1574700934045746357,656
1574700934096222472,644
1574700934197093188,644
1574700934267634018,649
1574700934338228045,651
1574700934418993653,618
1574700934509871046,639
1574700934580425417,616
1574700934651100005,606
1574700934741963208,603
1574700934812561492,609
1574700934893362761,612
1574700934974037366,616
1574700935064787532,614
1574700935135331262,631
1574700935236402969,626
1574700935296988579,622
1574700935377747163,609
1574700935458366833,605
1574700935549329173,607
1574700935619922852,612
1574700935710722421,614
1574700935781332149,622
1574700935882323484,627
1574700935942939143,621
1574700936023695761,615
1574700936104369917,612
1574700936185019750,590
1574700936255545465,592
1574700936366623702,578
1574700936416977379,574
1574700936497700656,561
1574700936578436066,550
1574700936659263990,549
1574700936739930680,542
1574700936810507382,539
1574700936921570074,550
1574700936972076380,543
1574700937053169163,543
1574700937133925245,543
1574700937214654187,542
1574700937295345370,549
1574700937376039430,548
1574700937456737106,535
1574700937527358968,532
1574700937618230514,534
1574700937688860542,537
1574700937779502969,558
1574700937850123002,557
1574700937940806928,536
1574700938011405810,529
1574700938092161510,530
1574700938172835259,526
1574700938253661223,515
1574700938334292586,528
1574700938425210784,527
1574700938495757895,517
1574700938576408334,513
1574700938657157698,507
1574700938727718520,492
1574700938818474539,487
1574700938909526049,481
1574700938970153856,476
1574700939050804611,477
1574700939131507954,471
1574700939212291159,479
1574700939292900922,480
1574700939383810177,481
1574700939454370760,489
1574700939555354544,514
1574700939615853813,543
1574700939696593222,552
1574700939767192884,528
1574700939848025345,483
1574700939928761094,469
1574700940009502397,477
1574700940110582281,478
1574700940170979811,486
1574700940251735764,498
1574700940332405034,517
1574700940413109981,524
1574700940493970411,524
1574700940574663960,531
1574700940655305455,546
1574700940756261179,543
1574700940847131303,559
1574700940897504714,550
1574700940978160417,565
1574700941069002888,574
1574700941139587542,569
1574700941220476321,578
1574700941291124276,581
1574700941381966697,572
1574700941452539431,562
1574700941553427881,551
1574700941613948990,538
1574700941694593308,535
1574700941775230455,525
1574700941855847534,525
1574700941936522967,525
1574700942017220073,530
1574700942098091520,513
1574700942199025214,510
1574700942249486644,518
1574700942340270324,514
1574700942410781118,512
1574700942491351504,504
1574700942572256012,496
1574700942652811285,492
1574700942753793593,483
1574700942814419060,486
1574700942895025032,504
1574700942975718744,509
1574700943056483608,512
1574700943137128709,514
1574700943217986878,499
1574700943298670785,503
1574700943379509583,505
1574700943460196772,488
1574700943530636974,478
1574700943631625094,468
1574700943712360512,468
1574700943772846902,420
1574700943853502737,422
1574700943934224700,384
1574700944004804625,377
1574700944095794682,338
1574700944166314811,297
1574700944247235706,266
1574700944327884785,249
1574700944408506173,243
1574700944489104500,251
1574700944559798508,253
1574700944650467980,257
1574700944721039415,259
1574700944811784717,257
1574700944892365498,265
1574700944972939957,261
1574700945053789092,272
1574700945124334900,267
1574700945205023522,260
1574700945285753387,246
1574700945366314687,257
1574700945457146836,263
1574700945527779063,267
1574700945608423446,275
1574700945689079198,280
1574700945769953159,284
1574700945840500249,273
1574700945921095100,252
1574700946001808919,274
1574700946092645886,278
1574700946163254060,305
1574700946253903426,323
1574700946334499308,331
1574700946405062791,346
1574700946485958856,357
1574700946566666254,360
1574700946647378047,370
1574700946728017041,347
1574700946808686626,335
1574700946889383613,304
1574700946969949565,275
1574700947040434770,261
1574700947121155189,254
1574700947222162912,236
1574700947312910281,255
1574700947363256638,276
1574700947443953537,311
1574700947534642777,379
1574700947615323012,400
1574700947696081785,428
1574700947776737089,424
1574700947857585417,427
1574700947928242901,417
1574700948009029189,405
1574700948089722568,378
1574700948180584154,348
1574700948251191151,355
1574700948332026804,375
1574700948412636812,377
1574700948503610812,405
1574700948574316116,429
1574700948665201156,450
1574700948735841846,466
1574700948816575613,460
1574700948897354973,462
1574700948978163602,456
1574700949048765207,437
1574700949139636111,443
1574700949210226056,422
1574700949290981252,405
1574700949371693517,409
1574700949452491961,413
1574700949533216384,423
1574700949634161921,413
1574700949704714654,408
1574700949775305795,412
1574700949845991588,407
1574700949926581155,413
1574700950017421803,427
1574700950088041574,429
1574700950189013113,426
1574700950259707250,426
1574700950330245930,427
1574700950410940877,427
1574700950501700510,415
1574700950572340685,414
1574700950653141077,409
1574700950733886080,400
1574700950814422240,380
1574700950885031292,365
1574700950965940719,361
1574700951056598097,350
1574700951127335529,331
1574700951207926412,330
1574700951298912313,309
1574700951369603140,299
1574700951450280764,274
1574700951531003816,262
1574700951601624415,274
1574700951692321525,290
1574700951762976706,334
1574700951853864376,340
1574700951934605960,356
1574700952005156316,340
1574700952095982947,316
1574700952166534590,292
1574700952277651257,304
1574700952328029123,303
1574700952408624037,312
1574700952489271621,306
1574700952569878533,296
1574700952660727177,296
1574700952731409255,312
1574700952812042331,330
1574700952892664898,338
1574700952993710853,371
1574700953044021961,378
1574700953134738484,388
1574700953215507310,398
1574700953285990697,400
1574700953376835454,407
1574700953447512949,401
1574700953548492138,409
1574700953608917318,397
1574700953699612778,392
1574700953770080565,394
1574700953850931419,408
1574700953931568513,410
1574700954022424960,410
1574700954093100592,405
1574700954173882247,406
1574700954254595391,409
1574700954335279731,409
1574700954415989470,417
1574700954527028455,422
1574700954567347367,434
1574700954658109859,437
1574700954728716434,436
1574700954809420614,433
1574700954890124640,429
1574700954980848083,429
1574700955051397576,431
1574700955142315967,428
1574700955212924764,428
1574700955293854393,424
1574700955374423726,421
1574700955455089783,416
1574700955536001704,409
1574700955616660579,412
1574700955687201095,409
1574700955767821607,409
1574700955848395298,402
1574700955929134492,399
1574700956009781487,401
1574700956090285863,400
1574700956171015510,402
1574700956251675879,411
1574700956332188153,410
1574700956412829942,417
1574700956493485114,430
1574700956574209803,436
1574700956654902369,452
1574700956735412796,449
1574700956826258317,448
1574700956886836649,450
1574700956977611581,468
1574700957058265607,471
1574700957138811353,489
1574700957219474716,474
1574700957290054428,471
1574700957380751231,467
1574700957451301954,469
1574700957552260288,483
1574700957622959975,481
1574700957693741413,466
1574700957774341654,447
1574700957854980728,450
1574700957925556565,440
1574700958036418027,452
1574700958086793787,449
1574700958167489917,465
1574700958248190509,468
1574700958328854094,487
1574700958409555577,486
1574700958490299011,475
1574700958570906162,490
1574700958682135400,494
1574700958732519725,489
1574700958813263390,493
1574700958894001711,491
1574700958974633454,496
1574700959055364980,488
1574700959146103090,479
1574700959216576307,475
1574700959297340850,471
1574700959377988874,469
1574700959448612214,471
1574700959529524601,470
1574700959610234445,461
1574700959691012355,461
1574700959771683655,457
1574700959852437929,460
1574700959933119968,464
1574700960013914179,469
1574700960094541917,462
1574700960175177108,478
1574700960255763181,473
1574700960336541207,471
1574700960417237242,471
1574700960497913062,469
1574700960568472064,474
1574700960669430037,475
1574700960750110633,465
1574700960810592640,473
1574700960891213977,470
1574700960971921735,470
1574700961052599478,470
1574700961143365907,465
1574700961213974209,459
1574700961294559391,459
1574700961375212186,449
1574700961476227960,449
1574700961536792626,441
1574700961617471508,442
1574700961698168833,440
1574700961768742894,439
1574700961849535146,431
1574700961930269696,442
1574700962010885825,448
1574700962112013063,450
1574700962172556585,455
1574700962253239351,463
1574700962344359455,468
1574700962414986338,473
1574700962495713155,469
1574700962576436767,470
1574700962657207505,465
1574700962737876232,463
1574700962818641484,471
1574700962889208009,463
1574700962969963592,460
1574700963050702605,451
1574700963131405217,452
1574700963212247853,457
1574700963292878749,458
1574700963373553474,462
1574700963454203320,471
1574700963545108939,477
1574700963615724784,486
1574700963696332454,473
1574700963777186043,479
1574700963857890695,488
1574700963938683707,485
1574700964019317993,493
1574700964089904369,491
1574700964170562458,492
1574700964261349449,499
1574700964332002328,493
1574700964422655023,483
1574700964493228803,477
1574700964573867379,471
1574700964654548432,486
1574700964755590159,488
1574700964805993917,492
1574700964896844672,493
1574700964977564833,498
1574700965048240554,485
1574700965138979948,479
1574700965209581362,493
1574700965300323733,490
1574700965370960305,492
1574700965451761196,489
1574700965532369451,485
1574700965613137059,492
1574700965693848191,489
1574700965794695600,483
1574700965855232238,481
1574700965935897540,486
1574700966016720278,482
1574700966097445049,482
1574700966178152419,491
1574700966258843738,487
1574700966339629117,497
1574700966410162275,493
1574700966500891981,492
1574700966571512176,485
1574700966662330217,485
1574700966732976480,490
1574700966813816735,491
1574700966894445755,497
1574700966995523243,500
1574700967056038421,503
1574700967136755506,501
1574700967217501540,513
1574700967298105485,507
1574700967368708335,502
1574700967469722709,497
1574700967530189063,493
1574700967610858949,505
1574700967701637059,498
1574700967772310851,497
1574700967853176886,500
1574700967933793125,497
1574700968014687289,502
1574700968095304860,494
1574700968176134433,502
1574700968256791740,504
1574700968337485987,510
1574700968428342915,502
1574700968488860509,490
1574700968579668245,497
1574700968650249766,493
1574700968741016815,499
1574700968811644154,499
1574700968892296703,499
1574700969003373614,501
1574700969053778024,494
1574700969134422638,496
1574700969215060961,504
1574700969295759998,509
1574700969396855215,513
1574700969447290258,499
1574700969537979510,500
1574700969618648699,497
1574700969699312728,493
1574700969780171906,494
1574700969850798084,501
1574700969931501972,501
1574700970042597188,507
1574700970093032367,512
1574700970173694855,516
1574700970254310367,517
1574700970334961746,511
1574700970415635161,517
1574700970496283938,522
1574700970576914785,524
1574700970657581898,522
1574700970738312478,523
1574700970819029473,509
1574700970899838753,521
1574700970980406794,535
1574700971051091193,539
1574700971131711275,528
1574700971212313964,539
1574700971293090621,527
1574700971373786072,527
1574700971464614883,526
1574700971535251547,526
1574700971615918981,528
1574700971696586643,527
1574700971777274602,530
1574700971858106170,530
1574700971938707211,534
1574700972009292315,520
1574700972090060543,522
1574700972170796360,511
1574700972251501011,520
1574700972352373792,512
1574700972412841306,511
1574700972493563475,501
1574700972574222228,509
1574700972665106733,506
1574700972735686243,512
1574700972816486354,512
1574700972897182181,505
1574700972988090385,507
1574700973058576857,507
1574700973139221435,503
1574700973220029842,508
1574700973310931226,499
1574700973371419182,491
1574700973452129538,490
1574700973532658587,487
1574700973633689362,484
1574700973694152472,486
1574700973774783708,481
1574700973855438954,471
1574700973936145544,468
1574700974016874555,464
1574700974097475080,471
1574700974168091131,472
1574700974258708510,474
1574700974329232231,476
1574700974430037518,479
1574700974500612822,482
1574700974571201521,491
1574700974651916872,478
1574700974732590049,488
1574700974813310962,482
1574700974894041604,484
1574700974974734908,480
1574700975055460666,478
1574700975136090056,473
1574700975236869663,478
1574700975287284075,472
1574700975367986520,469
1574700975458797347,458
1574700975529418644,468
1574700975610159770,458
1574700975721133018,454
1574700975771536742,451
1574700975852194987,451
1574700975932792892,439
1574700976013550370,443
1574700976094167347,458
1574700976174833729,464
1574700976255505403,454
1574700976326078248,464
1574700976416785384,456
1574700976487472588,455
1574700976568205825,454
1574700976648782068,452
1574700976729504734,442
1574700976810163928,442
1574700976890742806,424
1574700976971395933,433
1574700977052138361,429
1574700977132690827,429
1574700977213371185,431
1574700977324480201,432
1574700977364823690,419
1574700977455584242,417
1574700977526160847,417
1574700977616920797,412
1574700977687465434,407
1574700977768136035,407
1574700977848699276,406
1574700977929391782,407
1574700978040610609,406
1574700978091043724,411
1574700978171820916,396
1574700978252480456,403
1574700978333133760,394
1574700978413829979,400
1574700978494455734,401
1574700978585239609,401
1574700978645677826,404
1574700978726300475,394
1574700978817057626,407
1574700978887617482,398
1574700978968218844,406
1574700979048890196,404
1574700979129603075,410
1574700979210228883,401
1574700979290868790,413
1574700979371711359,402
1574700979452326357,396
1574700979523067085,404
1574700979613834575,398
1574700979684443949,396
1574700979765104682,390
1574700979845888686,395
1574700979926488478,381
1574700980007256383,382
1574700980087890222,373
1574700980188761415,365
1574700980249266529,359
1574700980329871725,359
1574700980410392418,359
1574700980491112537,359
1574700980581931547,362
1574700980642425819,365
1574700980733229298,367
1574700980813917143,372
1574700980894551168,394
1574700980975303199,395
1574700981055957296,399
1574700981126459304,385
1574700981207134891,393
1574700981287901648,389
1574700981368454151,382
1574700981449209843,380
1574700981529843119,382
1574700981610547016,402
1574700981691221598,386
1574700981772042230,384
1574700981852644968,381
1574700981933363200,381
1574700982014062283,376
1574700982094792131,365
1574700982165401805,360
1574700982256322730,356
1574700982326930779,354
1574700982407666726,366
1574700982488301069,371
1574700982569165895,373
1574700982649731872,372
1574700982730495651,361
1574700982811126708,371
1574700982891977168,374
1574700982972644667,370
1574700983053542144,376
1574700983134206013,368
1574700983204825446,382
1574700983285544667,374
1574700983366445531,384
1574700983447146130,375
1574700983528003830,376
1574700983608641333,380
1574700983709631504,382
1574700983770108060,380
1574700983850738318,384
1574700983931431135,380
1574700984012173592,373
1574700984092920366,379
1574700984173641665,376
1574700984254285276,377
1574700984324899116,376
1574700984405587801,354
1574700984486199528,364
1574700984566948295,368
1574700984647605644,369
1574700984728427241,362
1574700984809075336,369
1574700984889762795,375
1574700984970418688,370
1574700985071363088,375
1574700985131846008,380
1574700985212465852,388
1574700985293122087,389
1574700985373752695,417
1574700985454427838,407
1574700985535133833,400
1574700985615797466,395
1574700985696397507,399
1574700985767012075,405
1574700985867971648,409
1574700985928390589,385
1574700986009089719,384
1574700986089800662,375
1574700986170483464,382
1574700986251145058,380
1574700986331909171,380
1574700986412617947,373
1574700986493314517,381
1574700986573965060,386
1574700986664730406,367
1574700986725257681,368
1574700986805940580,365
1574700986886608368,364
1574700986967269869,360
1574700987047910342,346
1574700987128576323,346
1574700987209291419,341
1574700987289953894,334
1574700987370587756,335
1574700987451284767,323
1574700987531900876,327
1574700987602434792,316
1574700987683104443,325
1574700987763812841,305
1574700987844405532,291
1574700987925112460,219
1574700988005813116,218
1574700988086467614,226
1574700988167108820,233
1574700988247814004,222
1574700988328374416,211
1574700988409075191,209
1574700988489706423,187
1574700988560245593,172
1574700988641010520,164
1574700988721649831,140
1574700988802311823,138
1574700988882992701,180
1574700988953542241,167
1574700989044233166,178
1574700989124911460,155
1574700989205570955,156
1574700989286199600,162
1574700989356878130,162
1574700989437528042,144
1574700989518198280,146
1574700989598899218,134
1574700989679477574,141
1574700989760148291,123
1574700989840763135,113
1574700989921469479,117
1574700990002057851,130
1574700990082655564,133
1574700990163350335,142
1574700990244014000,137
1574700990324664904,140
1574700990395362352,141
1574700990486154992,157
1574700990566763571,174
1574700990647444524,161
1574700990728082862,195
1574700990798628080,223
1574700990879312998,212
1574700990959988472,224
1574700991040629901,230
1574700991121225675,256
1574700991201987199,265
1574700991282574519,276
1574700991373470972,259
1574700991444088727,255
1574700991524749653,264
1574700991605454542,243
1574700991686130395,204
1574700991756708478,191
1574700991847440358,184
1574700991918022011,180
1574700991998639519,170
1574700992079325042,159
1574700992160016421,155
1574700992240690122,152
1574700992321398800,146
1574700992402065606,137
1574700992503100002,118
1574700992553535681,117
1574700992634232835,106
1574700992714924238,100
1574700992795595340,91
1574700992886440744,109
1574700992957026035,137
1574700993047815987,161
1574700993118569664,200
1574700993209286455,242
1574700993279818927,265
1574700993370569270,287
1574700993441132855,299
1574700993531767572,330
1574700993602297423,353
1574700993693239448,358
1574700993773936227,378
1574700993854576009,410
1574700993935248464,437
1574700994046324891,424
1574700994086674036,435
1574700994167440242,435
1574700994248104940,441
1574700994328764808,443
1574700994409470898,444
1574700994490166959,434
1574700994570797099,428
1574700994651418657,403
1574700994732048882,376
1574700994802620632,342
1574700994883282108,328
1574700994963946481,320
1574700995044555320,317
1574700995125200484,313
1574700995205907930,332
1574700995286594908,379
1574700995367227534,406
1574700995447945065,392
1574700995528635476,405
1574700995609346573,399
1574700995690028324,434
1574700995770653961,446
1574700995851306804,479
1574700995931976607,477
1574700996012501629,479
1574700996093171413,472
1574700996173875025,473
1574700996254492626,459
1574700996335125661,458
1574700996415830692,459
1574700996496514288,460
1574700996567084302,444
1574700996647752997,454
1574700996728391323,446
1574700996809109757,437
1574700996889600016,433
1574700996970234133,434
1574700997061058194,416
1574700997131605522,417
1574700997212232044,415
1574700997292913251,417
1574700997373644189,430
1574700997454298117,438
1574700997524881938,434
1574700997605559607,450
1574700997686212047,458
1574700997766879257,461
1574700997847651066,456
1574700997928301391,454
1574700998009060998,431
1574700998089753694,426
1574700998170445576,432
1574700998251118330,450
1574700998331860061,462
1574700998412472011,465
1574700998493176968,454
1574700998573832087,455
1574700998654462665,439
1574700998735114030,450
1574700998805642657,448
1574700998886306550,453
1574700998966995715,453
1574700999047664940,450
1574700999128313282,463
1574700999208935460,468
1574700999289543998,474
1574700999370090733,465
1574700999450614744,468
1574700999531263926,484
1574700999612241920,478
1574700999692926513,468
1574700999773624240,471
1574700999854300236,480
1574700999934939178,470
1574701000015611363,472
1574701000096232303,476
1574701000176904698,477
1574701000247513476,479
1574701000328327559,482
1574701000409002669,481
1574701000489579680,488
1574701000570242641,489
1574701000650712237,479
1574701000731353965,479
1574701000811985434,476
1574701000892571174,476
1574701000973263745,480
1574701001053916386,481
1574701001134547159,477
1574701001215266955,480
1574701001285894361,481
1574701001366547545,481
1574701001447252332,483
1574701001527871458,483
1574701001608517265,484
1574701001689176809,484
1574701001769861323,480
1574701001850472884,478
1574701001931110627,484
1574701002011828570,472
1574701002092408932,483
1574701002173044751,479
1574701002253716844,477
1574701002334388278,469
1574701002415033236,469
1574701002495751452,468
1574701002566352783,460
1574701002657173122,470
1574701002727788411,465
1574701002808380060,461
1574701002889054920,459
1574701002969665901,463
1574701003050369416,462
1574701003131020424,461
1574701003211758312,468
1574701003292446090,471
1574701003373111439,470
1574701003453788506,464
1574701003524402511,457
1574701003615167208,459
1574701003695810853,468
1574701003776462685,482
1574701003847085798,485
1574701003927786052,490
1574701004008389316,500
1574701004089049686,486
1574701004169789697,500
1574701004250462747,501
1574701004331169747,504
1574701004411846823,513
1574701004492398741,514
1574701004573099288,513
1574701004653699734,506
1574701004734327307,503
1574701004814987604,507
1574701004895650081,531
1574701004976319836,543
1574701005046974622,526
1574701005137760643,555
1574701005218298019,540
1574701005298980087,529
1574701005379619974,528
1574701005450157054,519
1574701005530778928,520
1574701005611362174,523
1574701005691987155,520
1574701005772632984,499
1574701005853330879,484
1574701005933973448,449
1574701006004959169,388
1574701006095770724,421
1574701006176403885,447
1574701006246984317,415
1574701006327549597,435
1574701006408243727,430
1574701006488912517,420
1574701006569617029,456
1574701006660306631,489
1574701006730798962,474
1574701006811465735,437
1574701006892107522,445
1574701006972831000,475
1574701007053532628,493
1574701007124151575,516
1574701007214969062,519
1574701007295648995,534
1574701007376301398,524
1574701007457030465,539
1574701007537589310,545
1574701007618279052,545
1574701007698963111,551
1574701007779638745,558
1574701007850208917,567
1574701007940843863,575
1574701008011415444,573
1574701008092081460,576
1574701008172728567,582
1574701008253507126,581
1574701008334147491,587
1574701008414878429,585
1574701008495591134,582
1574701008576296689,590
1574701008657060813,583
1574701008737740914,580
